20521.00,14.68,17.62,28.25,25.90,35.32,32.38
20525.00,14.68,17.62,28.25,25.90,35.32,32.38
20528.00,14.68,17.62,28.25,25.90,35.32,32.38
20531.00,14.68,17.62,28.25,25.90,35.32,32.38
20533.00,14.68,17.62,28.25,25.90,35.32,32.38
20537.00,18.33,18.33,25.34,25.34,31.67,31.67
20539.00,18.33,18.33,25.34,25.34,31.67,31.67
20542.00,18.33,18.33,25.34,25.34,31.67,31.67
20545.00,18.33,18.33,25.34,25.34,31.67,31.67
20548.00,18.33,18.33,25.34,25.34,31.67,31.67
20551.00,18.33,18.33,25.34,25.34,31.67,31.67
20554.00,18.33,18.33,25.34,25.34,31.67,31.67
20557.00,18.33,18.33,25.34,25.34,31.67,31.67
20560.00,18.33,18.33,25.34,25.34,31.67,31.67
20563.00,18.33,18.33,25.34,25.34,31.67,31.67
20567.00,18.33,18.33,25.34,25.34,31.67,31.67
20570.00,18.33,18.33,25.34,25.34,31.67,31.67
20572.00,18.33,18.33,25.34,25.34,31.67,31.67
20575.00,18.33,18.33,25.34,25.34,31.67,31.67
20578.00,18.33,18.33,25.34,25.34,31.67,31.67
20581.00,18.33,18.33,25.34,25.34,31.67,31.67
20584.00,18.33,18.33,25.34,25.34,31.67,31.67
20587.00,14.97,20.96,28.02,23.23,35.03,29.04
20590.00,14.97,20.96,28.02,23.23,35.03,29.04
20593.00,14.97,20.96,28.02,23.23,35.03,29.04
20596.00,14.97,20.96,28.02,23.23,35.03,29.04
20599.00,14.97,20.96,28.02,23.23,35.03,29.04
20602.00,14.97,20.96,28.02,23.23,35.03,29.04
20605.00,14.97,20.96,28.02,23.23,35.03,29.04
20608.00,14.97,20.96,28.02,23.23,35.03,29.04
20611.00,14.97,20.96,28.02,23.23,35.03,29.04
20614.00,14.97,20.96,28.02,23.23,35.03,29.04
20617.00,14.97,20.96,28.02,23.23,35.03,29.04
20620.00,14.97,20.96,28.02,23.23,35.03,29.04
20623.00,14.97,20.96,28.02,23.23,35.03,29.04
20626.00,14.97,20.96,28.02,23.23,35.03,29.04
20629.00,14.97,20.96,28.02,23.23,35.03,29.04
20632.00,14.97,20.96,28.02,23.23,35.03,29.04
20634.00,14.97,20.96,28.02,23.23,35.03,29.04
20638.00,18.33,15.27,25.34,27.78,31.67,34.73
20641.00,18.33,15.27,25.34,27.78,31.67,34.73
20643.00,18.33,15.27,25.34,27.78,31.67,34.73
20646.00,18.33,15.27,25.34,27.78,31.67,34.73
20649.00,18.33,15.27,25.34,27.78,31.67,34.73
20653.00,18.33,15.27,25.34,27.78,31.67,34.73
20656.00,18.33,15.27,25.34,27.78,31.67,34.73
20659.00,18.33,15.27,25.34,27.78,31.67,34.73
20662.00,18.33,15.27,25.34,27.78,31.67,34.73
20665.00,18.33,15.27,25.34,27.78,31.67,34.73
20668.00,18.33,15.27,25.34,27.78,31.67,34.73
20671.00,18.33,15.27,25.34,27.78,31.67,34.73
20674.00,18.33,15.27,25.34,27.78,31.67,34.73
20676.00,18.33,15.27,25.34,27.78,31.67,34.73
20679.00,18.33,15.27,25.34,27.78,31.67,34.73
20682.00,18.33,15.27,25.34,27.78,31.67,34.73
20685.00,18.33,15.27,25.34,27.78,31.67,34.73
20688.00,14.97,20.96,28.02,23.23,35.03,29.04
20691.00,14.97,20.96,28.02,23.23,35.03,29.04
20695.00,14.97,20.96,28.02,23.23,35.03,29.04
20698.00,14.97,20.96,28.02,23.23,35.03,29.04
20701.00,14.97,20.96,28.02,23.23,35.03,29.04
20704.00,14.97,20.96,28.02,23.23,35.03,29.04
20707.00,14.97,20.96,28.02,23.23,35.03,29.04
20710.00,14.97,20.96,28.02,23.23,35.03,29.04
20712.00,14.97,20.96,28.02,23.23,35.03,29.04
20715.00,14.97,20.96,28.02,23.23,35.03,29.04
20718.00,14.97,20.96,28.02,23.23,35.03,29.04
20721.00,14.97,20.96,28.02,23.23,35.03,29.04
20724.00,14.97,20.96,28.02,23.23,35.03,29.04
20727.00,14.97,20.96,28.02,23.23,35.03,29.04
20730.00,14.97,20.96,28.02,23.23,35.03,29.04
20733.00,14.97,20.96,28.02,23.23,35.03,29.04
20737.00,14.97,20.96,28.02,23.23,35.03,29.04
20740.00,14.97,14.97,28.02,28.02,35.03,35.03
20743.00,14.97,14.97,28.02,28.02,35.03,35.03
20745.00,14.97,14.97,28.02,28.02,35.03,35.03
20748.00,14.97,14.97,28.02,28.02,35.03,35.03
20751.00,14.97,14.97,28.02,28.02,35.03,35.03
20754.00,14.97,14.97,28.02,28.02,35.03,35.03
20757.00,14.97,14.97,28.02,28.02,35.03,35.03
20760.00,14.97,14.97,28.02,28.02,35.03,35.03
20763.00,14.97,14.97,28.02,28.02,35.03,35.03
20766.00,14.97,14.97,28.02,28.02,35.03,35.03
20769.00,14.97,14.97,28.02,28.02,35.03,35.03
20771.00,14.97,14.97,28.02,28.02,35.03,35.03
20774.00,14.97,14.97,28.02,28.02,35.03,35.03
20777.00,14.97,14.97,28.02,28.02,35.03,35.03
20781.00,14.97,14.97,28.02,28.02,35.03,35.03
20784.00,14.97,14.97,28.02,28.02,35.03,35.03
20787.00,14.97,14.97,28.02,28.02,35.03,35.03
20790.00,17.97,20.96,25.63,23.23,32.03,29.04
20793.00,17.97,20.96,25.63,23.23,32.03,29.04
20796.00,17.97,20.96,25.63,23.23,32.03,29.04
20799.00,17.97,20.96,25.63,23.23,32.03,29.04
20802.00,17.97,20.96,25.63,23.23,32.03,29.04
20804.00,17.97,20.96,25.63,23.23,32.03,29.04
20807.00,17.97,20.96,25.63,23.23,32.03,29.04
20810.00,17.97,20.96,25.63,23.23,32.03,29.04
20813.00,17.97,20.96,25.63,23.23,32.03,29.04
20816.00,17.97,20.96,25.63,23.23,32.03,29.04
20819.00,17.97,20.96,25.63,23.23,32.03,29.04
20823.00,17.97,20.96,25.63,23.23,32.03,29.04
20826.00,17.97,20.96,25.63,23.23,32.03,29.04
20829.00,17.97,20.96,25.63,23.23,32.03,29.04
20832.00,17.97,20.96,25.63,23.23,32.03,29.04
20834.00,17.97,20.96,25.63,23.23,32.03,29.04
20837.00,17.97,20.96,25.63,23.23,32.03,29.04
20840.00,15.27,18.33,27.78,25.34,34.73,31.67
20843.00,15.27,18.33,27.78,25.34,34.73,31.67
20846.00,15.27,18.33,27.78,25.34,34.73,31.67
20849.00,15.27,18.33,27.78,25.34,34.73,31.67
20852.00,15.27,18.33,27.78,25.34,34.73,31.67
20855.00,15.27,18.33,27.78,25.34,34.73,31.67
20858.00,15.27,18.33,27.78,25.34,34.73,31.67
20861.00,15.27,18.33,27.78,25.34,34.73,31.67
20865.00,15.27,18.33,27.78,25.34,34.73,31.67
20868.00,15.27,18.33,27.78,25.34,34.73,31.67
20871.00,15.27,18.33,27.78,25.34,34.73,31.67
20873.00,15.27,18.33,27.78,25.34,34.73,31.67
20876.00,15.27,18.33,27.78,25.34,34.73,31.67
20879.00,15.27,18.33,27.78,25.34,34.73,31.67
20882.00,15.27,18.33,27.78,25.34,34.73,31.67
20885.00,15.27,18.33,27.78,25.34,34.73,31.67
20888.00,15.27,18.33,27.78,25.34,34.73,31.67
20891.00,17.97,17.97,25.63,25.63,32.03,32.03
20894.00,17.97,17.97,25.63,25.63,32.03,32.03
20897.00,17.97,17.97,25.63,25.63,32.03,32.03
20900.00,17.97,17.97,25.63,25.63,32.03,32.03
20903.00,17.97,17.97,25.63,25.63,32.03,32.03
20907.00,17.97,17.97,25.63,25.63,32.03,32.03
20910.00,17.97,17.97,25.63,25.63,32.03,32.03
20912.00,17.97,17.97,25.63,25.63,32.03,32.03
20915.00,17.97,17.97,25.63,25.63,32.03,32.03
20918.00,17.97,17.97,25.63,25.63,32.03,32.03
20921.00,17.97,17.97,25.63,25.63,32.03,32.03
20924.00,17.97,17.97,25.63,25.63,32.03,32.03
20927.00,17.97,17.97,25.63,25.63,32.03,32.03
20930.00,17.97,17.97,25.63,25.63,32.03,32.03
20933.00,17.97,17.97,25.63,25.63,32.03,32.03
20936.00,17.97,17.97,25.63,25.63,32.03,32.03
20939.00,17.97,17.97,25.63,25.63,32.03,32.03
20942.00,12.22,18.33,30.23,25.34,37.78,31.67
20945.00,12.22,18.33,30.23,25.34,37.78,31.67
20948.00,12.22,18.33,30.23,25.34,37.78,31.67
20951.00,12.22,18.33,30.23,25.34,37.78,31.67
20954.00,12.22,18.33,30.23,25.34,37.78,31.67
20957.00,12.22,18.33,30.23,25.34,37.78,31.67
20960.00,12.22,18.33,30.23,25.34,37.78,31.67
20963.00,12.22,18.33,30.23,25.34,37.78,31.67
20966.00,12.22,18.33,30.23,25.34,37.78,31.67
20969.00,12.22,18.33,30.23,25.34,37.78,31.67
20972.00,12.22,18.33,30.23,25.34,37.78,31.67
20975.00,12.22,18.33,30.23,25.34,37.78,31.67
20978.00,12.22,18.33,30.23,25.34,37.78,31.67
20981.00,12.22,18.33,30.23,25.34,37.78,31.67
20983.00,12.22,18.33,30.23,25.34,37.78,31.67
20986.00,12.22,18.33,30.23,25.34,37.78,31.67
20989.00,12.22,18.33,30.23,25.34,37.78,31.67
20993.00,17.62,17.62,25.90,25.90,32.38,32.38
20996.00,17.62,17.62,25.90,25.90,32.38,32.38
20999.00,17.62,17.62,25.90,25.90,32.38,32.38
21002.00,17.62,17.62,25.90,25.90,32.38,32.38
21005.00,17.62,17.62,25.90,25.90,32.38,32.38
21008.00,17.62,17.62,25.90,25.90,32.38,32.38
21011.00,17.62,17.62,25.90,25.90,32.38,32.38
21014.00,17.62,17.62,25.90,25.90,32.38,32.38
21017.00,17.62,17.62,25.90,25.90,32.38,32.38
21019.00,17.62,17.62,25.90,25.90,32.38,32.38
21022.00,17.62,17.62,25.90,25.90,32.38,32.38
21025.00,17.62,17.62,25.90,25.90,32.38,32.38
21028.00,17.62,17.62,25.90,25.90,32.38,32.38
21031.00,17.62,17.62,25.90,25.90,32.38,32.38
21035.00,17.62,17.62,25.90,25.90,32.38,32.38
21038.00,17.62,17.62,25.90,25.90,32.38,32.38
21041.00,17.62,17.62,25.90,25.90,32.38,32.38
21044.00,18.33,18.33,25.34,25.34,31.67,31.67
21047.00,18.33,18.33,25.34,25.34,31.67,31.67
21050.00,18.33,18.33,25.34,25.34,31.67,31.67
21053.00,18.33,18.33,25.34,25.34,31.67,31.67
21055.00,18.33,18.33,25.34,25.34,31.67,31.67
21058.00,18.33,18.33,25.34,25.34,31.67,31.67
21061.00,18.33,18.33,25.34,25.34,31.67,31.67
21064.00,18.33,18.33,25.34,25.34,31.67,31.67
21067.00,18.33,18.33,25.34,25.34,31.67,31.67
21070.00,18.33,18.33,25.34,25.34,31.67,31.67
21073.00,18.33,18.33,25.34,25.34,31.67,31.67
21076.00,18.33,18.33,25.34,25.34,31.67,31.67
21080.00,18.33,18.33,25.34,25.34,31.67,31.67
21083.00,18.33,18.33,25.34,25.34,31.67,31.67
21086.00,18.33,18.33,25.34,25.34,31.67,31.67
21088.00,18.33,18.33,25.34,25.34,31.67,31.67
21091.00,18.33,18.33,25.34,25.34,31.67,31.67
21095.00,14.97,20.96,28.02,23.23,35.03,29.04
21097.00,14.97,20.96,28.02,23.23,35.03,29.04
21100.00,14.97,20.96,28.02,23.23,35.03,29.04
21103.00,14.97,20.96,28.02,23.23,35.03,29.04
21106.00,14.97,20.96,28.02,23.23,35.03,29.04
21109.00,14.97,20.96,28.02,23.23,35.03,29.04
21112.00,14.97,20.96,28.02,23.23,35.03,29.04
21115.00,14.97,20.96,28.02,23.23,35.03,29.04
21118.00,14.97,20.96,28.02,23.23,35.03,29.04
21122.00,14.97,20.96,28.02,23.23,35.03,29.04
21124.00,14.97,20.96,28.02,23.23,35.03,29.04
21127.00,14.97,20.96,28.02,23.23,35.03,29.04
21130.00,14.97,20.96,28.02,23.23,35.03,29.04
21133.00,14.97,20.96,28.02,23.23,35.03,29.04
21136.00,14.97,20.96,28.02,23.23,35.03,29.04
21139.00,14.97,20.96,28.02,23.23,35.03,29.04
21142.00,14.97,20.96,28.02,23.23,35.03,29.04
21145.00,15.27,15.27,27.78,27.78,34.73,34.73
21148.00,15.27,15.27,27.78,27.78,34.73,34.73
21151.00,15.27,15.27,27.78,27.78,34.73,34.73
21154.00,15.27,15.27,27.78,27.78,34.73,34.73
21157.00,15.27,15.27,27.78,27.78,34.73,34.73
21159.00,15.27,15.27,27.78,27.78,34.73,34.73
21163.00,15.27,15.27,27.78,27.78,34.73,34.73
21166.00,15.27,15.27,27.78,27.78,34.73,34.73
21169.00,15.27,15.27,27.78,27.78,34.73,34.73
21172.00,15.27,15.27,27.78,27.78,34.73,34.73
21175.00,15.27,15.27,27.78,27.78,34.73,34.73
21178.00,15.27,15.27,27.78,27.78,34.73,34.73
21181.00,15.27,15.27,27.78,27.78,34.73,34.73
21184.00,15.27,15.27,27.78,27.78,34.73,34.73
21187.00,15.27,15.27,27.78,27.78,34.73,34.73
21190.00,15.27,15.27,27.78,27.78,34.73,34.73
21192.00,15.27,15.27,27.78,27.78,34.73,34.73
21196.00,17.97,20.96,25.63,23.23,32.03,29.04
21198.00,17.97,20.96,25.63,23.23,32.03,29.04
21201.00,17.97,20.96,25.63,23.23,32.03,29.04
21204.00,17.97,20.96,25.63,23.23,32.03,29.04
21208.00,17.97,20.96,25.63,23.23,32.03,29.04
21211.00,17.97,20.96,25.63,23.23,32.03,29.04
21214.00,17.97,20.96,25.63,23.23,32.03,29.04
21217.00,17.97,20.96,25.63,23.23,32.03,29.04
21220.00,17.97,20.96,25.63,23.23,32.03,29.04
21223.00,17.97,20.96,25.63,23.23,32.03,29.04
21226.00,17.97,20.96,25.63,23.23,32.03,29.04
21228.00,17.97,20.96,25.63,23.23,32.03,29.04
21231.00,17.97,20.96,25.63,23.23,32.03,29.04
21234.00,17.97,20.96,25.63,23.23,32.03,29.04
21237.00,17.97,20.96,25.63,23.23,32.03,29.04
21240.00,17.97,20.96,25.63,23.23,32.03,29.04
21243.00,17.97,20.96,25.63,23.23,32.03,29.04
21246.00,14.97,17.97,28.02,25.63,35.03,32.03
21250.00,14.97,17.97,28.02,25.63,35.03,32.03
21253.00,14.97,17.97,28.02,25.63,35.03,32.03
21256.00,14.97,17.97,28.02,25.63,35.03,32.03
21259.00,14.97,17.97,28.02,25.63,35.03,32.03
21262.00,14.97,17.97,28.02,25.63,35.03,32.03
21264.00,14.97,17.97,28.02,25.63,35.03,32.03
21267.00,14.97,17.97,28.02,25.63,35.03,32.03
21270.00,14.97,17.97,28.02,25.63,35.03,32.03
21273.00,14.97,17.97,28.02,25.63,35.03,32.03
21276.00,14.97,17.97,28.02,25.63,35.03,32.03
21279.00,14.97,17.97,28.02,25.63,35.03,32.03
21282.00,14.97,17.97,28.02,25.63,35.03,32.03
21285.00,14.97,17.97,28.02,25.63,35.03,32.03
21288.00,14.97,17.97,28.02,25.63,35.03,32.03
21291.00,14.97,17.97,28.02,25.63,35.03,32.03
21294.00,14.97,17.97,28.02,25.63,35.03,32.03
21298.00,14.97,17.97,28.02,25.63,35.03,32.03
21300.00,14.97,17.97,28.02,25.63,35.03,32.03
21303.00,14.97,17.97,28.02,25.63,35.03,32.03
21306.00,14.97,17.97,28.02,25.63,35.03,32.03
21309.00,14.97,17.97,28.02,25.63,35.03,32.03
21312.00,14.97,17.97,28.02,25.63,35.03,32.03
21315.00,14.97,17.97,28.02,25.63,35.03,32.03
21318.00,14.97,17.97,28.02,25.63,35.03,32.03
21321.00,14.97,17.97,28.02,25.63,35.03,32.03
21324.00,14.97,17.97,28.02,25.63,35.03,32.03
21326.00,14.97,17.97,28.02,25.63,35.03,32.03
21329.00,14.97,17.97,28.02,25.63,35.03,32.03
21332.00,14.97,17.97,28.02,25.63,35.03,32.03
21336.00,14.97,17.97,28.02,25.63,35.03,32.03
21339.00,14.97,17.97,28.02,25.63,35.03,32.03
21342.00,14.97,17.97,28.02,25.63,35.03,32.03
21345.00,14.97,17.97,28.02,25.63,35.03,32.03
21348.00,17.97,17.97,25.63,25.63,32.03,32.03
21351.00,17.97,17.97,25.63,25.63,32.03,32.03
21354.00,17.97,17.97,25.63,25.63,32.03,32.03
21357.00,17.97,17.97,25.63,25.63,32.03,32.03
21360.00,17.97,17.97,25.63,25.63,32.03,32.03
21362.00,17.97,17.97,25.63,25.63,32.03,32.03
21365.00,17.97,17.97,25.63,25.63,32.03,32.03
21368.00,17.97,17.97,25.63,25.63,32.03,32.03
21371.00,17.97,17.97,25.63,25.63,32.03,32.03
21374.00,17.97,17.97,25.63,25.63,32.03,32.03
21378.00,17.97,17.97,25.63,25.63,32.03,32.03
21381.00,17.97,17.97,25.63,25.63,32.03,32.03
21384.00,17.97,17.97,25.63,25.63,32.03,32.03
21387.00,17.97,17.97,25.63,25.63,32.03,32.03
21390.00,17.97,17.97,25.63,25.63,32.03,32.03
21392.00,17.97,17.97,25.63,25.63,32.03,32.03
21395.00,17.97,17.97,25.63,25.63,32.03,32.03
21399.00,15.27,18.33,27.78,25.34,34.73,31.67
21401.00,15.27,18.33,27.78,25.34,34.73,31.67
21404.00,15.27,18.33,27.78,25.34,34.73,31.67
21407.00,15.27,18.33,27.78,25.34,34.73,31.67
21410.00,15.27,18.33,27.78,25.34,34.73,31.67
21413.00,15.27,18.33,27.78,25.34,34.73,31.67
21416.00,15.27,18.33,27.78,25.34,34.73,31.67
21420.00,15.27,18.33,27.78,25.34,34.73,31.67
21423.00,15.27,18.33,27.78,25.34,34.73,31.67
21426.00,15.27,18.33,27.78,25.34,34.73,31.67
21429.00,15.27,18.33,27.78,25.34,34.73,31.67
21432.00,15.27,18.33,27.78,25.34,34.73,31.67
21434.00,15.27,18.33,27.78,25.34,34.73,31.67
21437.00,15.27,18.33,27.78,25.34,34.73,31.67
21440.00,15.27,18.33,27.78,25.34,34.73,31.67
21443.00,15.27,18.33,27.78,25.34,34.73,31.67
21446.00,15.27,18.33,27.78,25.34,34.73,31.67
21449.00,14.97,17.97,28.02,25.63,35.03,32.03
21452.00,14.97,17.97,28.02,25.63,35.03,32.03
21455.00,14.97,17.97,28.02,25.63,35.03,32.03
21458.00,14.97,17.97,28.02,25.63,35.03,32.03
21462.00,14.97,17.97,28.02,25.63,35.03,32.03
21465.00,14.97,17.97,28.02,25.63,35.03,32.03
21468.00,14.97,17.97,28.02,25.63,35.03,32.03
21470.00,14.97,17.97,28.02,25.63,35.03,32.03
21473.00,14.97,17.97,28.02,25.63,35.03,32.03
21476.00,14.97,17.97,28.02,25.63,35.03,32.03
21479.00,14.97,17.97,28.02,25.63,35.03,32.03
21482.00,14.97,17.97,28.02,25.63,35.03,32.03
21485.00,14.97,17.97,28.02,25.63,35.03,32.03
21488.00,14.97,17.97,28.02,25.63,35.03,32.03
21491.00,14.97,17.97,28.02,25.63,35.03,32.03
21494.00,14.97,17.97,28.02,25.63,35.03,32.03
21497.00,14.97,17.97,28.02,25.63,35.03,32.03
21500.00,18.33,18.33,25.34,25.34,31.67,31.67
21504.00,18.33,18.33,25.34,25.34,31.67,31.67
21506.00,18.33,18.33,25.34,25.34,31.67,31.67
21509.00,18.33,18.33,25.34,25.34,31.67,31.67
21512.00,18.33,18.33,25.34,25.34,31.67,31.67
21515.00,18.33,18.33,25.34,25.34,31.67,31.67
21518.00,18.33,18.33,25.34,25.34,31.67,31.67
21521.00,18.33,18.33,25.34,25.34,31.67,31.67
21524.00,18.33,18.33,25.34,25.34,31.67,31.67
21527.00,18.33,18.33,25.34,25.34,31.67,31.67
21530.00,18.33,18.33,25.34,25.34,31.67,31.67
21533.00,18.33,18.33,25.34,25.34,31.67,31.67
21536.00,18.33,18.33,25.34,25.34,31.67,31.67
21538.00,18.33,18.33,25.34,25.34,31.67,31.67
21541.00,18.33,18.33,25.34,25.34,31.67,31.67
21544.00,18.33,18.33,25.34,25.34,31.67,31.67
21548.00,18.33,18.33,25.34,25.34,31.67,31.67
21551.00,14.68,17.62,28.25,25.90,35.32,32.38
21554.00,14.68,17.62,28.25,25.90,35.32,32.38
21557.00,14.68,17.62,28.25,25.90,35.32,32.38
21560.00,14.68,17.62,28.25,25.90,35.32,32.38
21563.00,14.68,17.62,28.25,25.90,35.32,32.38
21566.00,14.68,17.62,28.25,25.90,35.32,32.38
21569.00,14.68,17.62,28.25,25.90,35.32,32.38
21572.00,14.68,17.62,28.25,25.90,35.32,32.38
21575.00,14.68,17.62,28.25,25.90,35.32,32.38
21577.00,14.68,17.62,28.25,25.90,35.32,32.38
21580.00,14.68,17.62,28.25,25.90,35.32,32.38
21583.00,14.68,17.62,28.25,25.90,35.32,32.38
21586.00,14.68,17.62,28.25,25.90,35.32,32.38
21590.00,14.68,17.62,28.25,25.90,35.32,32.38
21593.00,14.68,17.62,28.25,25.90,35.32,32.38
21596.00,14.68,17.62,28.25,25.90,35.32,32.38
21599.00,14.68,17.62,28.25,25.90,35.32,32.38
21602.00,17.97,17.97,25.63,25.63,32.03,32.03
21605.00,17.97,17.97,25.63,25.63,32.03,32.03
21608.00,17.97,17.97,25.63,25.63,32.03,32.03
21611.00,17.97,17.97,25.63,25.63,32.03,32.03
21614.00,17.97,17.97,25.63,25.63,32.03,32.03
21616.00,17.97,17.97,25.63,25.63,32.03,32.03
21619.00,17.97,17.97,25.63,25.63,32.03,32.03
21622.00,17.97,17.97,25.63,25.63,32.03,32.03
21625.00,17.97,17.97,25.63,25.63,32.03,32.03
21628.00,17.97,17.97,25.63,25.63,32.03,32.03
21632.00,17.97,17.97,25.63,25.63,32.03,32.03
21635.00,17.97,17.97,25.63,25.63,32.03,32.03
21638.00,17.97,17.97,25.63,25.63,32.03,32.03
21641.00,17.97,17.97,25.63,25.63,32.03,32.03
21644.00,17.97,17.97,25.63,25.63,32.03,32.03
21646.00,17.97,17.97,25.63,25.63,32.03,32.03
21649.00,17.97,17.97,25.63,25.63,32.03,32.03
21652.00,15.27,18.33,27.78,25.34,34.73,31.67
21655.00,15.27,18.33,27.78,25.34,34.73,31.67
21658.00,15.27,18.33,27.78,25.34,34.73,31.67
21661.00,15.27,18.33,27.78,25.34,34.73,31.67
21664.00,15.27,18.33,27.78,25.34,34.73,31.67
21667.00,15.27,18.33,27.78,25.34,34.73,31.67
21670.00,15.27,18.33,27.78,25.34,34.73,31.67
21673.00,15.27,18.33,27.78,25.34,34.73,31.67
21677.00,15.27,18.33,27.78,25.34,34.73,31.67
21680.00,15.27,18.33,27.78,25.34,34.73,31.67
21683.00,15.27,18.33,27.78,25.34,34.73,31.67
21685.00,15.27,18.33,27.78,25.34,34.73,31.67
21688.00,15.27,18.33,27.78,25.34,34.73,31.67
21691.00,15.27,18.33,27.78,25.34,34.73,31.67
21694.00,15.27,18.33,27.78,25.34,34.73,31.67
21697.00,15.27,18.33,27.78,25.34,34.73,31.67
21700.00,15.27,18.33,27.78,25.34,34.73,31.67
21703.00,14.97,17.97,28.02,25.63,35.03,32.03
21706.00,14.97,17.97,28.02,25.63,35.03,32.03
21709.00,14.97,17.97,28.02,25.63,35.03,32.03
21712.00,14.97,17.97,28.02,25.63,35.03,32.03
21715.00,14.97,17.97,28.02,25.63,35.03,32.03
21719.00,14.97,17.97,28.02,25.63,35.03,32.03
21722.00,14.97,17.97,28.02,25.63,35.03,32.03
21724.00,14.97,17.97,28.02,25.63,35.03,32.03
21727.00,14.97,17.97,28.02,25.63,35.03,32.03
21730.00,14.97,17.97,28.02,25.63,35.03,32.03
21733.00,14.97,17.97,28.02,25.63,35.03,32.03
21736.00,14.97,17.97,28.02,25.63,35.03,32.03
21739.00,14.97,17.97,28.02,25.63,35.03,32.03
21742.00,14.97,17.97,28.02,25.63,35.03,32.03
21745.00,14.97,17.97,28.02,25.63,35.03,32.03
21748.00,14.97,17.97,28.02,25.63,35.03,32.03
21750.00,14.97,17.97,28.02,25.63,35.03,32.03
21754.00,18.33,18.33,25.34,25.34,31.67,31.67
21757.00,18.33,18.33,25.34,25.34,31.67,31.67
21760.00,18.33,18.33,25.34,25.34,31.67,31.67
21763.00,18.33,18.33,25.34,25.34,31.67,31.67
21766.00,18.33,18.33,25.34,25.34,31.67,31.67
21769.00,18.33,18.33,25.34,25.34,31.67,31.67
21772.00,18.33,18.33,25.34,25.34,31.67,31.67
21775.00,18.33,18.33,25.34,25.34,31.67,31.67
21778.00,18.33,18.33,25.34,25.34,31.67,31.67
21781.00,18.33,18.33,25.34,25.34,31.67,31.67
21784.00,18.33,18.33,25.34,25.34,31.67,31.67
21787.00,18.33,18.33,25.34,25.34,31.67,31.67
21790.00,18.33,18.33,25.34,25.34,31.67,31.67
21792.00,18.33,18.33,25.34,25.34,31.67,31.67
21795.00,18.33,18.33,25.34,25.34,31.67,31.67
21798.00,18.33,18.33,25.34,25.34,31.67,31.67
21801.00,18.33,18.33,25.34,25.34,31.67,31.67
21805.00,14.68,20.56,28.25,23.55,35.32,29.44
21808.00,14.68,20.56,28.25,23.55,35.32,29.44
21811.00,14.68,20.56,28.25,23.55,35.32,29.44
21814.00,14.68,20.56,28.25,23.55,35.32,29.44
21817.00,14.68,20.56,28.25,23.55,35.32,29.44
21820.00,14.68,20.56,28.25,23.55,35.32,29.44
21823.00,14.68,20.56,28.25,23.55,35.32,29.44
21826.00,14.68,20.56,28.25,23.55,35.32,29.44
21829.00,14.68,20.56,28.25,23.55,35.32,29.44
21831.00,14.68,20.56,28.25,23.55,35.32,29.44
21834.00,14.68,20.56,28.25,23.55,35.32,29.44
21837.00,14.68,20.56,28.25,23.55,35.32,29.44
21840.00,14.68,20.56,28.25,23.55,35.32,29.44
21843.00,14.68,20.56,28.25,23.55,35.32,29.44
21847.00,14.68,20.56,28.25,23.55,35.32,29.44
21850.00,14.68,20.56,28.25,23.55,35.32,29.44
21853.00,14.68,20.56,28.25,23.55,35.32,29.44
21856.00,17.97,17.97,25.63,25.63,32.03,32.03
21859.00,17.97,17.97,25.63,25.63,32.03,32.03
21862.00,17.97,17.97,25.63,25.63,32.03,32.03
21865.00,17.97,17.97,25.63,25.63,32.03,32.03
21868.00,17.97,17.97,25.63,25.63,32.03,32.03
21870.00,17.97,17.97,25.63,25.63,32.03,32.03
21873.00,17.97,17.97,25.63,25.63,32.03,32.03
21876.00,17.97,17.97,25.63,25.63,32.03,32.03
21879.00,17.97,17.97,25.63,25.63,32.03,32.03
21882.00,17.97,17.97,25.63,25.63,32.03,32.03
21885.00,17.97,17.97,25.63,25.63,32.03,32.03
21889.00,17.97,17.97,25.63,25.63,32.03,32.03
21892.00,17.97,17.97,25.63,25.63,32.03,32.03
21895.00,17.97,17.97,25.63,25.63,32.03,32.03
21898.00,17.97,17.97,25.63,25.63,32.03,32.03
21900.00,17.97,17.97,25.63,25.63,32.03,32.03
21903.00,17.97,17.97,25.63,25.63,32.03,32.03
21907.00,15.27,15.27,27.78,27.78,34.73,34.73
21909.00,15.27,15.27,27.78,27.78,34.73,34.73
21912.00,15.27,15.27,27.78,27.78,34.73,34.73
21915.00,15.27,15.27,27.78,27.78,34.73,34.73
21918.00,15.27,15.27,27.78,27.78,34.73,34.73
21921.00,15.27,15.27,27.78,27.78,34.73,34.73
21924.00,15.27,15.27,27.78,27.78,34.73,34.73
21927.00,15.27,15.27,27.78,27.78,34.73,34.73
21931.00,15.27,15.27,27.78,27.78,34.73,34.73
21934.00,15.27,15.27,27.78,27.78,34.73,34.73
21937.00,15.27,15.27,27.78,27.78,34.73,34.73
21939.00,15.27,15.27,27.78,27.78,34.73,34.73
21942.00,15.27,15.27,27.78,27.78,34.73,34.73
21945.00,15.27,15.27,27.78,27.78,34.73,34.73
21948.00,15.27,15.27,27.78,27.78,34.73,34.73
21951.00,15.27,15.27,27.78,27.78,34.73,34.73
21954.00,15.27,15.27,27.78,27.78,34.73,34.73
21957.00,14.97,20.96,28.02,23.23,35.03,29.04
21960.00,14.97,20.96,28.02,23.23,35.03,29.04
21963.00,14.97,20.96,28.02,23.23,35.03,29.04
21966.00,14.97,20.96,28.02,23.23,35.03,29.04
21969.00,14.97,20.96,28.02,23.23,35.03,29.04
21972.00,14.97,20.96,28.02,23.23,35.03,29.04
21976.00,14.97,20.96,28.02,23.23,35.03,29.04
21978.00,14.97,20.96,28.02,23.23,35.03,29.04
21981.00,14.97,20.96,28.02,23.23,35.03,29.04
21984.00,14.97,20.96,28.02,23.23,35.03,29.04
21987.00,14.97,20.96,28.02,23.23,35.03,29.04
21990.00,14.97,20.96,28.02,23.23,35.03,29.04
21993.00,14.97,20.96,28.02,23.23,35.03,29.04
21996.00,14.97,20.96,28.02,23.23,35.03,29.04
21999.00,14.97,20.96,28.02,23.23,35.03,29.04
22002.00,14.97,20.96,28.02,23.23,35.03,29.04
22004.00,14.97,20.96,28.02,23.23,35.03,29.04
22008.00,18.33,18.33,25.34,25.34,31.67,31.67
22010.00,18.33,18.33,25.34,25.34,31.67,31.67
22013.00,18.33,18.33,25.34,25.34,31.67,31.67
22017.00,18.33,18.33,25.34,25.34,31.67,31.67
22020.00,18.33,18.33,25.34,25.34,31.67,31.67
22023.00,18.33,18.33,25.34,25.34,31.67,31.67
22026.00,18.33,18.33,25.34,25.34,31.67,31.67
22029.00,18.33,18.33,25.34,25.34,31.67,31.67
22032.00,18.33,18.33,25.34,25.34,31.67,31.67
22035.00,18.33,18.33,25.34,25.34,31.67,31.67
22038.00,18.33,18.33,25.34,25.34,31.67,31.67
22041.00,18.33,18.33,25.34,25.34,31.67,31.67
22043.00,18.33,18.33,25.34,25.34,31.67,31.67
22046.00,18.33,18.33,25.34,25.34,31.67,31.67
22049.00,18.33,18.33,25.34,25.34,31.67,31.67
22052.00,18.33,18.33,25.34,25.34,31.67,31.67
22055.00,18.33,18.33,25.34,25.34,31.67,31.67
22059.00,14.68,17.62,28.25,25.90,35.32,32.38
22062.00,14.68,17.62,28.25,25.90,35.32,32.38
22065.00,14.68,17.62,28.25,25.90,35.32,32.38
22068.00,14.68,17.62,28.25,25.90,35.32,32.38
22071.00,14.68,17.62,28.25,25.90,35.32,32.38
22074.00,14.68,17.62,28.25,25.90,35.32,32.38
22077.00,14.68,17.62,28.25,25.90,35.32,32.38
22080.00,14.68,17.62,28.25,25.90,35.32,32.38
22082.00,14.68,17.62,28.25,25.90,35.32,32.38
22085.00,14.68,17.62,28.25,25.90,35.32,32.38
22088.00,14.68,17.62,28.25,25.90,35.32,32.38
22091.00,14.68,17.62,28.25,25.90,35.32,32.38
22094.00,14.68,17.62,28.25,25.90,35.32,32.38
22097.00,14.68,17.62,28.25,25.90,35.32,32.38
22100.00,14.68,17.62,28.25,25.90,35.32,32.38
22104.00,14.68,17.62,28.25,25.90,35.32,32.38
22107.00,14.68,17.62,28.25,25.90,35.32,32.38
22110.00,15.27,18.33,27.78,25.34,34.73,31.67
22113.00,15.27,18.33,27.78,25.34,34.73,31.67
22116.00,15.27,18.33,27.78,25.34,34.73,31.67
22119.00,15.27,18.33,27.78,25.34,34.73,31.67
22121.00,15.27,18.33,27.78,25.34,34.73,31.67
22124.00,15.27,18.33,27.78,25.34,34.73,31.67
22127.00,15.27,18.33,27.78,25.34,34.73,31.67
22130.00,15.27,18.33,27.78,25.34,34.73,31.67
22133.00,15.27,18.33,27.78,25.34,34.73,31.67
22136.00,15.27,18.33,27.78,25.34,34.73,31.67
22139.00,15.27,18.33,27.78,25.34,34.73,31.67
22142.00,15.27,18.33,27.78,25.34,34.73,31.67
22146.00,15.27,18.33,27.78,25.34,34.73,31.67
22149.00,15.27,18.33,27.78,25.34,34.73,31.67
22152.00,15.27,18.33,27.78,25.34,34.73,31.67
22154.00,15.27,18.33,27.78,25.34,34.73,31.67
22157.00,15.27,18.33,27.78,25.34,34.73,31.67
22161.00,14.97,17.97,28.02,25.63,35.03,32.03
22163.00,14.97,17.97,28.02,25.63,35.03,32.03
22166.00,14.97,17.97,28.02,25.63,35.03,32.03
22169.00,14.97,17.97,28.02,25.63,35.03,32.03
22172.00,14.97,17.97,28.02,25.63,35.03,32.03
22175.00,14.97,17.97,28.02,25.63,35.03,32.03
22178.00,14.97,17.97,28.02,25.63,35.03,32.03
22181.00,14.97,17.97,28.02,25.63,35.03,32.03
22184.00,14.97,17.97,28.02,25.63,35.03,32.03
22188.00,14.97,17.97,28.02,25.63,35.03,32.03
22190.00,14.97,17.97,28.02,25.63,35.03,32.03
22193.00,14.97,17.97,28.02,25.63,35.03,32.03
22196.00,14.97,17.97,28.02,25.63,35.03,32.03
22199.00,14.97,17.97,28.02,25.63,35.03,32.03
22202.00,14.97,17.97,28.02,25.63,35.03,32.03
22205.00,14.97,17.97,28.02,25.63,35.03,32.03
22208.00,14.97,17.97,28.02,25.63,35.03,32.03
22211.00,17.97,17.97,25.63,25.63,32.03,32.03
22214.00,17.97,17.97,25.63,25.63,32.03,32.03
22217.00,17.97,17.97,25.63,25.63,32.03,32.03
22220.00,17.97,17.97,25.63,25.63,32.03,32.03
22223.00,17.97,17.97,25.63,25.63,32.03,32.03
22225.00,17.97,17.97,25.63,25.63,32.03,32.03
22228.00,17.97,17.97,25.63,25.63,32.03,32.03
22232.00,17.97,17.97,25.63,25.63,32.03,32.03
22235.00,17.97,17.97,25.63,25.63,32.03,32.03
22238.00,17.97,17.97,25.63,25.63,32.03,32.03
22241.00,17.97,17.97,25.63,25.63,32.03,32.03
22244.00,17.97,17.97,25.63,25.63,32.03,32.03
22247.00,17.97,17.97,25.63,25.63,32.03,32.03
22250.00,17.97,17.97,25.63,25.63,32.03,32.03
22253.00,17.97,17.97,25.63,25.63,32.03,32.03
22255.00,17.97,17.97,25.63,25.63,32.03,32.03
22258.00,17.97,17.97,25.63,25.63,32.03,32.03
22262.00,15.27,21.38,27.78,22.90,34.73,28.62
22264.00,15.27,21.38,27.78,22.90,34.73,28.62
22267.00,15.27,21.38,27.78,22.90,34.73,28.62
22270.00,15.27,21.38,27.78,22.90,34.73,28.62
22274.00,15.27,21.38,27.78,22.90,34.73,28.62
22277.00,15.27,21.38,27.78,22.90,34.73,28.62
22280.00,15.27,21.38,27.78,22.90,34.73,28.62
22283.00,15.27,21.38,27.78,22.90,34.73,28.62
22286.00,15.27,21.38,27.78,22.90,34.73,28.62
22289.00,15.27,21.38,27.78,22.90,34.73,28.62
22292.00,15.27,21.38,27.78,22.90,34.73,28.62
22294.00,15.27,21.38,27.78,22.90,34.73,28.62
22297.00,15.27,21.38,27.78,22.90,34.73,28.62
22300.00,15.27,21.38,27.78,22.90,34.73,28.62
22303.00,15.27,21.38,27.78,22.90,34.73,28.62
22306.00,15.27,21.38,27.78,22.90,34.73,28.62
22309.00,15.27,21.38,27.78,22.90,34.73,28.62
22312.00,14.97,14.97,28.02,28.02,35.03,35.03
22316.00,14.97,14.97,28.02,28.02,35.03,35.03
22319.00,14.97,14.97,28.02,28.02,35.03,35.03
22322.00,14.97,14.97,28.02,28.02,35.03,35.03
22325.00,14.97,14.97,28.02,28.02,35.03,35.03
22328.00,14.97,14.97,28.02,28.02,35.03,35.03
22330.00,14.97,14.97,28.02,28.02,35.03,35.03
22333.00,14.97,14.97,28.02,28.02,35.03,35.03
22336.00,14.97,14.97,28.02,28.02,35.03,35.03
22339.00,14.97,14.97,28.02,28.02,35.03,35.03
22342.00,14.97,14.97,28.02,28.02,35.03,35.03
22345.00,14.97,14.97,28.02,28.02,35.03,35.03
22348.00,14.97,14.97,28.02,28.02,35.03,35.03
22351.00,14.97,14.97,28.02,28.02,35.03,35.03
22354.00,14.97,14.97,28.02,28.02,35.03,35.03
22356.00,14.97,14.97,28.02,28.02,35.03,35.03
22360.00,14.97,14.97,28.02,28.02,35.03,35.03
22363.00,14.97,20.96,28.02,23.23,35.03,29.04
22366.00,14.97,20.96,28.02,23.23,35.03,29.04
22369.00,14.97,20.96,28.02,23.23,35.03,29.04
22372.00,14.97,20.96,28.02,23.23,35.03,29.04
22375.00,14.97,20.96,28.02,23.23,35.03,29.04
22378.00,14.97,20.96,28.02,23.23,35.03,29.04
22381.00,14.97,20.96,28.02,23.23,35.03,29.04
22384.00,14.97,20.96,28.02,23.23,35.03,29.04
22387.00,14.97,20.96,28.02,23.23,35.03,29.04
22389.00,14.97,20.96,28.02,23.23,35.03,29.04
22392.00,14.97,20.96,28.02,23.23,35.03,29.04
22395.00,14.97,20.96,28.02,23.23,35.03,29.04
22398.00,14.97,20.96,28.02,23.23,35.03,29.04
22402.00,14.97,20.96,28.02,23.23,35.03,29.04
22405.00,14.97,20.96,28.02,23.23,35.03,29.04
22408.00,14.97,20.96,28.02,23.23,35.03,29.04
22411.00,14.97,20.96,28.02,23.23,35.03,29.04
22414.00,18.33,18.33,25.34,25.34,31.67,31.67
22417.00,18.33,18.33,25.34,25.34,31.67,31.67
22420.00,18.33,18.33,25.34,25.34,31.67,31.67
22423.00,18.33,18.33,25.34,25.34,31.67,31.67
22425.00,18.33,18.33,25.34,25.34,31.67,31.67
22428.00,18.33,18.33,25.34,25.34,31.67,31.67
22431.00,18.33,18.33,25.34,25.34,31.67,31.67
22434.00,18.33,18.33,25.34,25.34,31.67,31.67
22437.00,18.33,18.33,25.34,25.34,31.67,31.67
22440.00,18.33,18.33,25.34,25.34,31.67,31.67
22444.00,18.33,18.33,25.34,25.34,31.67,31.67
22447.00,18.33,18.33,25.34,25.34,31.67,31.67
22450.00,18.33,18.33,25.34,25.34,31.67,31.67
22453.00,18.33,18.33,25.34,25.34,31.67,31.67
22456.00,18.33,18.33,25.34,25.34,31.67,31.67
22458.00,18.33,18.33,25.34,25.34,31.67,31.67
22461.00,18.33,18.33,25.34,25.34,31.67,31.67
22464.00,14.97,17.97,28.02,25.63,35.03,32.03
22467.00,14.97,17.97,28.02,25.63,35.03,32.03
22470.00,14.97,17.97,28.02,25.63,35.03,32.03
22473.00,14.97,17.97,28.02,25.63,35.03,32.03
22476.00,14.97,17.97,28.02,25.63,35.03,32.03
22479.00,14.97,17.97,28.02,25.63,35.03,32.03
22482.00,14.97,17.97,28.02,25.63,35.03,32.03
22486.00,14.97,17.97,28.02,25.63,35.03,32.03
22489.00,14.97,17.97,28.02,25.63,35.03,32.03
22492.00,14.97,17.97,28.02,25.63,35.03,32.03
22494.00,14.97,17.97,28.02,25.63,35.03,32.03
22497.00,14.97,17.97,28.02,25.63,35.03,32.03
22500.00,14.97,17.97,28.02,25.63,35.03,32.03
22503.00,14.97,17.97,28.02,25.63,35.03,32.03
22506.00,14.97,17.97,28.02,25.63,35.03,32.03
22509.00,14.97,17.97,28.02,25.63,35.03,32.03
22512.00,14.97,17.97,28.02,25.63,35.03,32.03
22515.00,14.97,17.97,28.02,25.63,35.03,32.03
22518.00,14.97,17.97,28.02,25.63,35.03,32.03
22521.00,14.97,17.97,28.02,25.63,35.03,32.03
22524.00,14.97,17.97,28.02,25.63,35.03,32.03
22526.00,14.97,17.97,28.02,25.63,35.03,32.03
22530.00,14.97,17.97,28.02,25.63,35.03,32.03
22533.00,14.97,17.97,28.02,25.63,35.03,32.03
22536.00,14.97,17.97,28.02,25.63,35.03,32.03
22539.00,14.97,17.97,28.02,25.63,35.03,32.03
22542.00,14.97,17.97,28.02,25.63,35.03,32.03
22545.00,14.97,17.97,28.02,25.63,35.03,32.03
22548.00,14.97,17.97,28.02,25.63,35.03,32.03
22551.00,14.97,17.97,28.02,25.63,35.03,32.03
22554.00,14.97,17.97,28.02,25.63,35.03,32.03
22556.00,14.97,17.97,28.02,25.63,35.03,32.03
22559.00,14.97,17.97,28.02,25.63,35.03,32.03
22562.00,14.97,17.97,28.02,25.63,35.03,32.03
22565.00,18.33,18.33,25.34,25.34,31.67,31.67
22568.00,18.33,18.33,25.34,25.34,31.67,31.67
22572.00,18.33,18.33,25.34,25.34,31.67,31.67
22575.00,18.33,18.33,25.34,25.34,31.67,31.67
22578.00,18.33,18.33,25.34,25.34,31.67,31.67
22581.00,18.33,18.33,25.34,25.34,31.67,31.67
22584.00,18.33,18.33,25.34,25.34,31.67,31.67
22587.00,18.33,18.33,25.34,25.34,31.67,31.67
22590.00,18.33,18.33,25.34,25.34,31.67,31.67
22593.00,18.33,18.33,25.34,25.34,31.67,31.67
22595.00,18.33,18.33,25.34,25.34,31.67,31.67
22598.00,18.33,18.33,25.34,25.34,31.67,31.67
22601.00,18.33,18.33,25.34,25.34,31.67,31.67
22604.00,18.33,18.33,25.34,25.34,31.67,31.67
22607.00,18.33,18.33,25.34,25.34,31.67,31.67
22610.00,18.33,18.33,25.34,25.34,31.67,31.67
22614.00,18.33,18.33,25.34,25.34,31.67,31.67
22617.00,14.68,20.56,28.25,23.55,35.32,29.44
22620.00,14.68,20.56,28.25,23.55,35.32,29.44
22623.00,14.68,20.56,28.25,23.55,35.32,29.44
22626.00,14.68,20.56,28.25,23.55,35.32,29.44
22629.00,14.68,20.56,28.25,23.55,35.32,29.44
22632.00,14.68,20.56,28.25,23.55,35.32,29.44
22634.00,14.68,20.56,28.25,23.55,35.32,29.44
22637.00,14.68,20.56,28.25,23.55,35.32,29.44
22640.00,14.68,20.56,28.25,23.55,35.32,29.44
22643.00,14.68,20.56,28.25,23.55,35.32,29.44
22646.00,14.68,20.56,28.25,23.55,35.32,29.44
22649.00,14.68,20.56,28.25,23.55,35.32,29.44
22652.00,14.68,20.56,28.25,23.55,35.32,29.44
22656.00,14.68,20.56,28.25,23.55,35.32,29.44
22659.00,14.68,20.56,28.25,23.55,35.32,29.44
22662.00,14.68,20.56,28.25,23.55,35.32,29.44
22665.00,14.68,20.56,28.25,23.55,35.32,29.44
22668.00,15.27,18.33,27.78,25.34,34.73,31.67
22671.00,15.27,18.33,27.78,25.34,34.73,31.67
22673.00,15.27,18.33,27.78,25.34,34.73,31.67
22676.00,15.27,18.33,27.78,25.34,34.73,31.67
22679.00,15.27,18.33,27.78,25.34,34.73,31.67
22682.00,15.27,18.33,27.78,25.34,34.73,31.67
22685.00,15.27,18.33,27.78,25.34,34.73,31.67
22688.00,15.27,18.33,27.78,25.34,34.73,31.67
22691.00,15.27,18.33,27.78,25.34,34.73,31.67
22694.00,15.27,18.33,27.78,25.34,34.73,31.67
22697.00,15.27,18.33,27.78,25.34,34.73,31.67
22701.00,15.27,18.33,27.78,25.34,34.73,31.67
22704.00,15.27,18.33,27.78,25.34,34.73,31.67
22706.00,15.27,18.33,27.78,25.34,34.73,31.67
22709.00,15.27,18.33,27.78,25.34,34.73,31.67
22712.00,15.27,18.33,27.78,25.34,34.73,31.67
22715.00,15.27,18.33,27.78,25.34,34.73,31.67
22718.00,14.97,17.97,28.02,25.63,35.03,32.03
22721.00,14.97,17.97,28.02,25.63,35.03,32.03
22724.00,14.97,17.97,28.02,25.63,35.03,32.03
22727.00,14.97,17.97,28.02,25.63,35.03,32.03
22730.00,14.97,17.97,28.02,25.63,35.03,32.03
22733.00,14.97,17.97,28.02,25.63,35.03,32.03
22736.00,14.97,17.97,28.02,25.63,35.03,32.03
22739.00,14.97,17.97,28.02,25.63,35.03,32.03
22743.00,14.97,17.97,28.02,25.63,35.03,32.03
22745.00,14.97,17.97,28.02,25.63,35.03,32.03
22748.00,14.97,17.97,28.02,25.63,35.03,32.03
22751.00,14.97,17.97,28.02,25.63,35.03,32.03
22754.00,14.97,17.97,28.02,25.63,35.03,32.03
22757.00,14.97,17.97,28.02,25.63,35.03,32.03
22760.00,14.97,17.97,28.02,25.63,35.03,32.03
22763.00,14.97,17.97,28.02,25.63,35.03,32.03
22766.00,14.97,17.97,28.02,25.63,35.03,32.03
22769.00,18.33,18.33,25.34,25.34,31.67,31.67
22772.00,18.33,18.33,25.34,25.34,31.67,31.67
22775.00,18.33,18.33,25.34,25.34,31.67,31.67
22778.00,18.33,18.33,25.34,25.34,31.67,31.67
22780.00,18.33,18.33,25.34,25.34,31.67,31.67
22784.00,18.33,18.33,25.34,25.34,31.67,31.67
22787.00,18.33,18.33,25.34,25.34,31.67,31.67
22790.00,18.33,18.33,25.34,25.34,31.67,31.67
22793.00,18.33,18.33,25.34,25.34,31.67,31.67
22796.00,18.33,18.33,25.34,25.34,31.67,31.67
22799.00,18.33,18.33,25.34,25.34,31.67,31.67
22802.00,18.33,18.33,25.34,25.34,31.67,31.67
22805.00,18.33,18.33,25.34,25.34,31.67,31.67
22808.00,18.33,18.33,25.34,25.34,31.67,31.67
22811.00,18.33,18.33,25.34,25.34,31.67,31.67
22813.00,18.33,18.33,25.34,25.34,31.67,31.67
22816.00,18.33,18.33,25.34,25.34,31.67,31.67
22820.00,14.97,17.97,28.02,25.63,35.03,32.03
22822.00,14.97,17.97,28.02,25.63,35.03,32.03
22825.00,14.97,17.97,28.02,25.63,35.03,32.03
22829.00,14.97,17.97,28.02,25.63,35.03,32.03
22832.00,14.97,17.97,28.02,25.63,35.03,32.03
22835.00,14.97,17.97,28.02,25.63,35.03,32.03
22838.00,14.97,17.97,28.02,25.63,35.03,32.03
22841.00,14.97,17.97,28.02,25.63,35.03,32.03
22844.00,14.97,17.97,28.02,25.63,35.03,32.03
22847.00,14.97,17.97,28.02,25.63,35.03,32.03
22849.00,14.97,17.97,28.02,25.63,35.03,32.03
22852.00,14.97,17.97,28.02,25.63,35.03,32.03
22855.00,14.97,17.97,28.02,25.63,35.03,32.03
22858.00,14.97,17.97,28.02,25.63,35.03,32.03
22861.00,14.97,17.97,28.02,25.63,35.03,32.03
22864.00,14.97,17.97,28.02,25.63,35.03,32.03
22867.00,14.97,17.97,28.02,25.63,35.03,32.03
22871.00,14.68,17.62,28.25,25.90,35.32,32.38
22874.00,14.68,17.62,28.25,25.90,35.32,32.38
22877.00,14.68,17.62,28.25,25.90,35.32,32.38
22880.00,14.68,17.62,28.25,25.90,35.32,32.38
22883.00,14.68,17.62,28.25,25.90,35.32,32.38
22885.00,14.68,17.62,28.25,25.90,35.32,32.38
22888.00,14.68,17.62,28.25,25.90,35.32,32.38
22891.00,14.68,17.62,28.25,25.90,35.32,32.38
22894.00,14.68,17.62,28.25,25.90,35.32,32.38
22897.00,14.68,17.62,28.25,25.90,35.32,32.38
22900.00,14.68,17.62,28.25,25.90,35.32,32.38
22903.00,14.68,17.62,28.25,25.90,35.32,32.38
22906.00,14.68,17.62,28.25,25.90,35.32,32.38
22909.00,14.68,17.62,28.25,25.90,35.32,32.38
22913.00,14.68,17.62,28.25,25.90,35.32,32.38
22915.00,14.68,17.62,28.25,25.90,35.32,32.38
22918.00,14.68,17.62,28.25,25.90,35.32,32.38
22922.00,15.27,18.33,27.78,25.34,34.73,31.67
22924.00,15.27,18.33,27.78,25.34,34.73,31.67
22927.00,15.27,18.33,27.78,25.34,34.73,31.67
22930.00,15.27,18.33,27.78,25.34,34.73,31.67
22933.00,15.27,18.33,27.78,25.34,34.73,31.67
22936.00,15.27,18.33,27.78,25.34,34.73,31.67
22939.00,15.27,18.33,27.78,25.34,34.73,31.67
22942.00,15.27,18.33,27.78,25.34,34.73,31.67
22945.00,15.27,18.33,27.78,25.34,34.73,31.67
22948.00,15.27,18.33,27.78,25.34,34.73,31.67
22951.00,15.27,18.33,27.78,25.34,34.73,31.67
22955.00,15.27,18.33,27.78,25.34,34.73,31.67
22957.00,15.27,18.33,27.78,25.34,34.73,31.67
22960.00,15.27,18.33,27.78,25.34,34.73,31.67
22963.00,15.27,18.33,27.78,25.34,34.73,31.67
22966.00,15.27,18.33,27.78,25.34,34.73,31.67
22969.00,15.27,18.33,27.78,25.34,34.73,31.67
22972.00,17.97,20.96,25.63,23.23,32.03,29.04
22975.00,17.97,20.96,25.63,23.23,32.03,29.04
22978.00,17.97,20.96,25.63,23.23,32.03,29.04
22981.00,17.97,20.96,25.63,23.23,32.03,29.04
22984.00,17.97,20.96,25.63,23.23,32.03,29.04
22987.00,17.97,20.96,25.63,23.23,32.03,29.04
22990.00,17.97,20.96,25.63,23.23,32.03,29.04
22993.00,17.97,20.96,25.63,23.23,32.03,29.04
22995.00,17.97,20.96,25.63,23.23,32.03,29.04
22999.00,17.97,20.96,25.63,23.23,32.03,29.04
23002.00,17.97,20.96,25.63,23.23,32.03,29.04
23005.00,17.97,20.96,25.63,23.23,32.03,29.04
23008.00,17.97,20.96,25.63,23.23,32.03,29.04
23011.00,17.97,20.96,25.63,23.23,32.03,29.04
23014.00,17.97,20.96,25.63,23.23,32.03,29.04
23017.00,17.97,20.96,25.63,23.23,32.03,29.04
23020.00,17.97,20.96,25.63,23.23,32.03,29.04
23023.00,12.22,15.27,30.23,27.78,37.78,34.73
23026.00,12.22,15.27,30.23,27.78,37.78,34.73
23029.00,12.22,15.27,30.23,27.78,37.78,34.73
23031.00,12.22,15.27,30.23,27.78,37.78,34.73
23034.00,12.22,15.27,30.23,27.78,37.78,34.73
23037.00,12.22,15.27,30.23,27.78,37.78,34.73
23041.00,12.22,15.27,30.23,27.78,37.78,34.73
23044.00,12.22,15.27,30.23,27.78,37.78,34.73
23047.00,12.22,15.27,30.23,27.78,37.78,34.73
23050.00,12.22,15.27,30.23,27.78,37.78,34.73
23053.00,12.22,15.27,30.23,27.78,37.78,34.73
23056.00,12.22,15.27,30.23,27.78,37.78,34.73
23059.00,12.22,15.27,30.23,27.78,37.78,34.73
23062.00,12.22,15.27,30.23,27.78,37.78,34.73
23064.00,12.22,15.27,30.23,27.78,37.78,34.73
23067.00,12.22,15.27,30.23,27.78,37.78,34.73
23070.00,12.22,15.27,30.23,27.78,37.78,34.73
23073.00,17.97,20.96,25.63,23.23,32.03,29.04
23076.00,17.97,20.96,25.63,23.23,32.03,29.04
23079.00,17.97,20.96,25.63,23.23,32.03,29.04
23083.00,17.97,20.96,25.63,23.23,32.03,29.04
23086.00,17.97,20.96,25.63,23.23,32.03,29.04
23089.00,17.97,20.96,25.63,23.23,32.03,29.04
23092.00,17.97,20.96,25.63,23.23,32.03,29.04
23095.00,17.97,20.96,25.63,23.23,32.03,29.04
23098.00,17.97,20.96,25.63,23.23,32.03,29.04
23100.00,17.97,20.96,25.63,23.23,32.03,29.04
23103.00,17.97,20.96,25.63,23.23,32.03,29.04
23106.00,17.97,20.96,25.63,23.23,32.03,29.04
23109.00,17.97,20.96,25.63,23.23,32.03,29.04
23112.00,17.97,20.96,25.63,23.23,32.03,29.04
23115.00,17.97,20.96,25.63,23.23,32.03,29.04
23118.00,17.97,20.96,25.63,23.23,32.03,29.04
23121.00,17.97,20.96,25.63,23.23,32.03,29.04
23124.00,15.27,15.27,27.78,27.78,34.73,34.73
23128.00,15.27,15.27,27.78,27.78,34.73,34.73
23131.00,15.27,15.27,27.78,27.78,34.73,34.73
23134.00,15.27,15.27,27.78,27.78,34.73,34.73
23137.00,15.27,15.27,27.78,27.78,34.73,34.73
23139.00,15.27,15.27,27.78,27.78,34.73,34.73
23142.00,15.27,15.27,27.78,27.78,34.73,34.73
23145.00,15.27,15.27,27.78,27.78,34.73,34.73
23148.00,15.27,15.27,27.78,27.78,34.73,34.73
23151.00,15.27,15.27,27.78,27.78,34.73,34.73
23154.00,15.27,15.27,27.78,27.78,34.73,34.73
23157.00,15.27,15.27,27.78,27.78,34.73,34.73
23160.00,15.27,15.27,27.78,27.78,34.73,34.73
23163.00,15.27,15.27,27.78,27.78,34.73,34.73
23166.00,15.27,15.27,27.78,27.78,34.73,34.73
23170.00,15.27,15.27,27.78,27.78,34.73,34.73
23172.00,15.27,15.27,27.78,27.78,34.73,34.73
23176.00,14.68,20.56,28.25,23.55,35.32,29.44
23178.00,14.68,20.56,28.25,23.55,35.32,29.44
23181.00,14.68,20.56,28.25,23.55,35.32,29.44
23184.00,14.68,20.56,28.25,23.55,35.32,29.44
23187.00,14.68,20.56,28.25,23.55,35.32,29.44
23190.00,14.68,20.56,28.25,23.55,35.32,29.44
23193.00,14.68,20.56,28.25,23.55,35.32,29.44
23196.00,14.68,20.56,28.25,23.55,35.32,29.44
23199.00,14.68,20.56,28.25,23.55,35.32,29.44
23202.00,14.68,20.56,28.25,23.55,35.32,29.44
23205.00,14.68,20.56,28.25,23.55,35.32,29.44
23208.00,14.68,20.56,28.25,23.55,35.32,29.44
23211.00,14.68,20.56,28.25,23.55,35.32,29.44
23214.00,14.68,20.56,28.25,23.55,35.32,29.44
23217.00,14.68,20.56,28.25,23.55,35.32,29.44
23220.00,14.68,20.56,28.25,23.55,35.32,29.44
23223.00,14.68,20.56,28.25,23.55,35.32,29.44
23226.00,14.97,17.97,28.02,25.63,35.03,32.03
23229.00,14.97,17.97,28.02,25.63,35.03,32.03
23232.00,14.97,17.97,28.02,25.63,35.03,32.03
23235.00,14.97,17.97,28.02,25.63,35.03,32.03
23238.00,14.97,17.97,28.02,25.63,35.03,32.03
23241.00,14.97,17.97,28.02,25.63,35.03,32.03
23244.00,14.97,17.97,28.02,25.63,35.03,32.03
23246.00,14.97,17.97,28.02,25.63,35.03,32.03
23249.00,14.97,17.97,28.02,25.63,35.03,32.03
23252.00,14.97,17.97,28.02,25.63,35.03,32.03
23256.00,14.97,17.97,28.02,25.63,35.03,32.03
23259.00,14.97,17.97,28.02,25.63,35.03,32.03
23262.00,14.97,17.97,28.02,25.63,35.03,32.03
23265.00,14.97,17.97,28.02,25.63,35.03,32.03
23268.00,14.97,17.97,28.02,25.63,35.03,32.03
23271.00,14.97,17.97,28.02,25.63,35.03,32.03
23274.00,14.97,17.97,28.02,25.63,35.03,32.03
23277.00,18.33,18.33,25.34,25.34,31.67,31.67
23280.00,18.33,18.33,25.34,25.34,31.67,31.67
23282.00,18.33,18.33,25.34,25.34,31.67,31.67
23285.00,18.33,18.33,25.34,25.34,31.67,31.67
23288.00,18.33,18.33,25.34,25.34,31.67,31.67
23291.00,18.33,18.33,25.34,25.34,31.67,31.67
23294.00,18.33,18.33,25.34,25.34,31.67,31.67
23298.00,18.33,18.33,25.34,25.34,31.67,31.67
23301.00,18.33,18.33,25.34,25.34,31.67,31.67
23304.00,18.33,18.33,25.34,25.34,31.67,31.67
23307.00,18.33,18.33,25.34,25.34,31.67,31.67
23310.00,18.33,18.33,25.34,25.34,31.67,31.67
23313.00,18.33,18.33,25.34,25.34,31.67,31.67
23315.00,18.33,18.33,25.34,25.34,31.67,31.67
23318.00,18.33,18.33,25.34,25.34,31.67,31.67
23321.00,18.33,18.33,25.34,25.34,31.67,31.67
23324.00,18.33,18.33,25.34,25.34,31.67,31.67
23327.00,14.97,17.97,28.02,25.63,35.03,32.03
23330.00,14.97,17.97,28.02,25.63,35.03,32.03
23333.00,14.97,17.97,28.02,25.63,35.03,32.03
23336.00,14.97,17.97,28.02,25.63,35.03,32.03
23340.00,14.97,17.97,28.02,25.63,35.03,32.03
23343.00,14.97,17.97,28.02,25.63,35.03,32.03
23346.00,14.97,17.97,28.02,25.63,35.03,32.03
23349.00,14.97,17.97,28.02,25.63,35.03,32.03
23352.00,14.97,17.97,28.02,25.63,35.03,32.03
23354.00,14.97,17.97,28.02,25.63,35.03,32.03
23357.00,14.97,17.97,28.02,25.63,35.03,32.03
23360.00,14.97,17.97,28.02,25.63,35.03,32.03
23363.00,14.97,17.97,28.02,25.63,35.03,32.03
23366.00,14.97,17.97,28.02,25.63,35.03,32.03
23369.00,14.97,17.97,28.02,25.63,35.03,32.03
23372.00,14.97,17.97,28.02,25.63,35.03,32.03
23375.00,14.97,17.97,28.02,25.63,35.03,32.03
23378.00,15.27,18.33,27.78,25.34,34.73,31.67
23382.00,15.27,18.33,27.78,25.34,34.73,31.67
23385.00,15.27,18.33,27.78,25.34,34.73,31.67
23388.00,15.27,18.33,27.78,25.34,34.73,31.67
23390.00,15.27,18.33,27.78,25.34,34.73,31.67
23393.00,15.27,18.33,27.78,25.34,34.73,31.67
23396.00,15.27,18.33,27.78,25.34,34.73,31.67
23399.00,15.27,18.33,27.78,25.34,34.73,31.67
23402.00,15.27,18.33,27.78,25.34,34.73,31.67
23405.00,15.27,18.33,27.78,25.34,34.73,31.67
23408.00,15.27,18.33,27.78,25.34,34.73,31.67
23411.00,15.27,18.33,27.78,25.34,34.73,31.67
23414.00,15.27,18.33,27.78,25.34,34.73,31.67
23417.00,15.27,18.33,27.78,25.34,34.73,31.67
23420.00,15.27,18.33,27.78,25.34,34.73,31.67
23422.00,15.27,18.33,27.78,25.34,34.73,31.67
23426.00,15.27,18.33,27.78,25.34,34.73,31.67
23429.00,17.62,17.62,25.90,25.90,32.38,32.38
23432.00,17.62,17.62,25.90,25.90,32.38,32.38
23435.00,17.62,17.62,25.90,25.90,32.38,32.38
23438.00,17.62,17.62,25.90,25.90,32.38,32.38
23441.00,17.62,17.62,25.90,25.90,32.38,32.38
23444.00,17.62,17.62,25.90,25.90,32.38,32.38
23447.00,17.62,17.62,25.90,25.90,32.38,32.38
23450.00,17.62,17.62,25.90,25.90,32.38,32.38
23453.00,17.62,17.62,25.90,25.90,32.38,32.38
23456.00,17.62,17.62,25.90,25.90,32.38,32.38
23458.00,17.62,17.62,25.90,25.90,32.38,32.38
23461.00,17.62,17.62,25.90,25.90,32.38,32.38
23464.00,17.62,17.62,25.90,25.90,32.38,32.38
23468.00,17.62,17.62,25.90,25.90,32.38,32.38
23471.00,17.62,17.62,25.90,25.90,32.38,32.38
23474.00,17.62,17.62,25.90,25.90,32.38,32.38
23477.00,17.62,17.62,25.90,25.90,32.38,32.38
23480.00,11.98,20.96,30.42,23.23,38.02,29.04
23483.00,11.98,20.96,30.42,23.23,38.02,29.04
23486.00,11.98,20.96,30.42,23.23,38.02,29.04
23489.00,11.98,20.96,30.42,23.23,38.02,29.04
23492.00,11.98,20.96,30.42,23.23,38.02,29.04
23494.00,11.98,20.96,30.42,23.23,38.02,29.04
23497.00,11.98,20.96,30.42,23.23,38.02,29.04
23500.00,11.98,20.96,30.42,23.23,38.02,29.04
23503.00,11.98,20.96,30.42,23.23,38.02,29.04
23506.00,11.98,20.96,30.42,23.23,38.02,29.04
23510.00,11.98,20.96,30.42,23.23,38.02,29.04
23513.00,11.98,20.96,30.42,23.23,38.02,29.04
23516.00,11.98,20.96,30.42,23.23,38.02,29.04
23519.00,11.98,20.96,30.42,23.23,38.02,29.04
23521.00,11.98,20.96,30.42,23.23,38.02,29.04
23524.00,11.98,20.96,30.42,23.23,38.02,29.04
23527.00,11.98,20.96,30.42,23.23,38.02,29.04
23530.00,18.33,15.27,25.34,27.78,31.67,34.73
23533.00,18.33,15.27,25.34,27.78,31.67,34.73
