53502.00,49.93,49.93,25.72,23.99,0.07,0.07
53506.00,49.93,49.93,25.72,23.99,0.07,0.07
53509.00,49.93,49.93,25.72,23.99,0.07,0.07
53512.00,49.93,49.93,25.72,23.99,0.07,0.07
53515.00,49.93,49.93,25.72,23.99,0.07,0.07
53518.00,49.93,49.93,25.72,23.99,0.07,0.07
53520.00,49.93,49.93,25.72,23.99,0.07,0.07
53523.00,49.93,49.93,25.72,23.99,0.07,0.07
53526.00,49.93,49.93,25.72,23.99,0.07,0.07
53529.00,49.93,49.93,25.72,23.99,0.07,0.07
53532.00,49.93,49.93,25.72,23.99,0.07,0.07
53534.00,49.93,49.93,25.72,23.99,0.07,0.07
53537.00,49.93,49.93,25.72,23.99,0.07,0.07
53540.00,49.93,49.93,25.72,23.99,0.07,0.07
53543.00,49.93,49.93,25.72,23.99,0.07,0.07
53547.00,49.93,49.93,25.72,23.99,0.07,0.07
53550.00,48.87,45.81,26.15,25.64,1.13,4.19
53553.00,48.87,45.81,26.15,25.64,1.13,4.19
53555.00,48.87,45.81,26.15,25.64,1.13,4.19
53558.00,48.87,45.81,26.15,25.64,1.13,4.19
53561.00,48.87,45.81,26.15,25.64,1.13,4.19
53564.00,48.87,45.81,26.15,25.64,1.13,4.19
53567.00,48.87,45.81,26.15,25.64,1.13,4.19
53570.00,48.87,45.81,26.15,25.64,1.13,4.19
53573.00,48.87,45.81,26.15,25.64,1.13,4.19
53575.00,48.87,45.81,26.15,25.64,1.13,4.19
53578.00,48.87,45.81,26.15,25.64,1.13,4.19
53581.00,48.87,45.81,26.15,25.64,1.13,4.19
53584.00,48.87,45.81,26.15,25.64,1.13,4.19
53587.00,48.87,45.81,26.15,25.64,1.13,4.19
53591.00,48.87,45.81,26.15,25.64,1.13,4.19
53594.00,48.87,45.81,26.15,25.64,1.13,4.19
53596.00,48.87,45.81,26.15,25.64,1.13,4.19
53599.00,51.92,51.92,25.05,23.62,-1.92,-1.92
53602.00,51.92,51.92,25.05,23.62,-1.92,-1.92
53605.00,51.92,51.92,25.05,23.62,-1.92,-1.92
53608.00,51.92,51.92,25.05,23.62,-1.92,-1.92
53611.00,51.92,51.92,25.05,23.62,-1.92,-1.92
53614.00,51.92,51.92,25.05,23.62,-1.92,-1.92
53617.00,51.92,51.92,25.05,23.62,-1.92,-1.92
53620.00,51.92,51.92,25.05,23.62,-1.92,-1.92
53622.00,51.92,51.92,25.05,23.62,-1.92,-1.92
53625.00,51.92,51.92,25.05,23.62,-1.92,-1.92
53628.00,51.92,51.92,25.05,23.62,-1.92,-1.92
53632.00,51.92,51.92,25.05,23.62,-1.92,-1.92
53635.00,51.92,51.92,25.05,23.62,-1.92,-1.92
53638.00,51.92,51.92,25.05,23.62,-1.92,-1.92
53641.00,51.92,51.92,25.05,23.62,-1.92,-1.92
53643.00,51.92,51.92,25.05,23.62,-1.92,-1.92
53646.00,51.92,51.92,25.05,23.62,-1.92,-1.92
53649.00,48.87,48.87,26.08,24.65,1.13,1.13
53652.00,48.87,48.87,26.08,24.65,1.13,1.13
53655.00,48.87,48.87,26.08,24.65,1.13,1.13
53658.00,48.87,48.87,26.08,24.65,1.13,1.13
53661.00,48.87,48.87,26.08,24.65,1.13,1.13
53664.00,48.87,48.87,26.08,24.65,1.13,1.13
53666.00,48.87,48.87,26.08,24.65,1.13,1.13
53669.00,48.87,48.87,26.08,24.65,1.13,1.13
53672.00,48.87,48.87,26.08,24.65,1.13,1.13
53676.00,48.87,48.87,26.08,24.65,1.13,1.13
53679.00,48.87,48.87,26.08,24.65,1.13,1.13
53682.00,48.87,48.87,26.08,24.65,1.13,1.13
53685.00,48.87,48.87,26.08,24.65,1.13,1.13
53687.00,48.87,48.87,26.08,24.65,1.13,1.13
53690.00,48.87,48.87,26.08,24.65,1.13,1.13
53693.00,48.87,48.87,26.08,24.65,1.13,1.13
53696.00,48.87,48.87,26.08,24.65,1.13,1.13
53699.00,51.92,48.87,24.97,24.76,-1.92,1.13
53702.00,51.92,48.87,24.97,24.76,-1.92,1.13
53705.00,51.92,48.87,24.97,24.76,-1.92,1.13
53708.00,51.92,48.87,24.97,24.76,-1.92,1.13
53710.00,51.92,48.87,24.97,24.76,-1.92,1.13
53713.00,51.92,48.87,24.97,24.76,-1.92,1.13
53716.00,51.92,48.87,24.97,24.76,-1.92,1.13
53720.00,51.92,48.87,24.97,24.76,-1.92,1.13
53723.00,51.92,48.87,24.97,24.76,-1.92,1.13
53726.00,51.92,48.87,24.97,24.76,-1.92,1.13
53729.00,51.92,48.87,24.97,24.76,-1.92,1.13
53731.00,51.92,48.87,24.97,24.76,-1.92,1.13
53734.00,51.92,48.87,24.97,24.76,-1.92,1.13
53737.00,51.92,48.87,24.97,24.76,-1.92,1.13
53740.00,51.92,48.87,24.97,24.76,-1.92,1.13
53743.00,51.92,48.87,24.97,24.76,-1.92,1.13
53746.00,51.92,48.87,24.97,24.76,-1.92,1.13
53749.00,51.92,48.87,24.97,24.76,-1.92,1.13
53752.00,49.93,52.86,25.57,23.27,0.07,-2.86
53754.00,49.93,52.86,25.57,23.27,0.07,-2.86
53757.00,49.93,52.86,25.57,23.27,0.07,-2.86
53761.00,49.93,52.86,25.57,23.27,0.07,-2.86
53764.00,49.93,52.86,25.57,23.27,0.07,-2.86
53767.00,49.93,52.86,25.57,23.27,0.07,-2.86
53770.00,49.93,52.86,25.57,23.27,0.07,-2.86
53773.00,49.93,52.86,25.57,23.27,0.07,-2.86
53775.00,49.93,52.86,25.57,23.27,0.07,-2.86
53778.00,49.93,52.86,25.57,23.27,0.07,-2.86
53781.00,49.93,52.86,25.57,23.27,0.07,-2.86
53784.00,49.93,52.86,25.57,23.27,0.07,-2.86
53787.00,49.93,52.86,25.57,23.27,0.07,-2.86
53790.00,49.93,52.86,25.57,23.27,0.07,-2.86
53792.00,49.93,52.86,25.57,23.27,0.07,-2.86
53795.00,49.93,52.86,25.57,23.27,0.07,-2.86
53798.00,49.93,52.86,25.57,23.27,0.07,-2.86
53801.00,48.87,48.87,26.00,24.59,1.13,1.13
53805.00,48.87,48.87,26.00,24.59,1.13,1.13
53808.00,48.87,48.87,26.00,24.59,1.13,1.13
53811.00,48.87,48.87,26.00,24.59,1.13,1.13
53814.00,48.87,48.87,26.00,24.59,1.13,1.13
53816.00,48.87,48.87,26.00,24.59,1.13,1.13
53819.00,48.87,48.87,26.00,24.59,1.13,1.13
53822.00,48.87,48.87,26.00,24.59,1.13,1.13
53825.00,48.87,48.87,26.00,24.59,1.13,1.13
53828.00,48.87,48.87,26.00,24.59,1.13,1.13
53831.00,48.87,48.87,26.00,24.59,1.13,1.13
53833.00,48.87,48.87,26.00,24.59,1.13,1.13
53836.00,48.87,48.87,26.00,24.59,1.13,1.13
53839.00,48.87,48.87,26.00,24.59,1.13,1.13
53842.00,48.87,48.87,26.00,24.59,1.13,1.13
53846.00,48.87,48.87,26.00,24.59,1.13,1.13
53849.00,48.87,48.87,26.00,24.59,1.13,1.13
53852.00,48.87,48.87,26.12,24.70,1.13,1.13
53854.00,48.87,48.87,26.12,24.70,1.13,1.13
53857.00,48.87,48.87,26.12,24.70,1.13,1.13
53860.00,48.87,48.87,26.12,24.70,1.13,1.13
53863.00,48.87,48.87,26.12,24.70,1.13,1.13
53866.00,48.87,48.87,26.12,24.70,1.13,1.13
53869.00,48.87,48.87,26.12,24.70,1.13,1.13
53871.00,48.87,48.87,26.12,24.70,1.13,1.13
53874.00,48.87,48.87,26.12,24.70,1.13,1.13
53877.00,48.87,48.87,26.12,24.70,1.13,1.13
53880.00,48.87,48.87,26.12,24.70,1.13,1.13
53883.00,48.87,48.87,26.12,24.70,1.13,1.13
53886.00,48.87,48.87,26.12,24.70,1.13,1.13
53890.00,48.87,48.87,26.12,24.70,1.13,1.13
53892.00,48.87,48.87,26.12,24.70,1.13,1.13
53895.00,48.87,48.87,26.12,24.70,1.13,1.13
53898.00,48.87,48.87,26.12,24.70,1.13,1.13
53901.00,51.92,51.92,25.01,23.59,-1.92,-1.92
53904.00,51.92,51.92,25.01,23.59,-1.92,-1.92
53907.00,51.92,51.92,25.01,23.59,-1.92,-1.92
53910.00,51.92,51.92,25.01,23.59,-1.92,-1.92
53913.00,51.92,51.92,25.01,23.59,-1.92,-1.92
53915.00,51.92,51.92,25.01,23.59,-1.92,-1.92
53918.00,51.92,51.92,25.01,23.59,-1.92,-1.92
53921.00,51.92,51.92,25.01,23.59,-1.92,-1.92
53924.00,51.92,51.92,25.01,23.59,-1.92,-1.92
53927.00,51.92,51.92,25.01,23.59,-1.92,-1.92
53931.00,51.92,51.92,25.01,23.59,-1.92,-1.92
53934.00,51.92,51.92,25.01,23.59,-1.92,-1.92
53937.00,51.92,51.92,25.01,23.59,-1.92,-1.92
53939.00,51.92,51.92,25.01,23.59,-1.92,-1.92
53942.00,51.92,51.92,25.01,23.59,-1.92,-1.92
53945.00,51.92,51.92,25.01,23.59,-1.92,-1.92
53948.00,51.92,51.92,25.01,23.59,-1.92,-1.92
53951.00,51.92,48.87,24.82,24.62,-1.92,1.13
53954.00,51.92,48.87,24.82,24.62,-1.92,1.13
53957.00,51.92,48.87,24.82,24.62,-1.92,1.13
53960.00,51.92,48.87,24.82,24.62,-1.92,1.13
53963.00,51.92,48.87,24.82,24.62,-1.92,1.13
53965.00,51.92,48.87,24.82,24.62,-1.92,1.13
53968.00,51.92,48.87,24.82,24.62,-1.92,1.13
53971.00,51.92,48.87,24.82,24.62,-1.92,1.13
53975.00,51.92,48.87,24.82,24.62,-1.92,1.13
53978.00,51.92,48.87,24.82,24.62,-1.92,1.13
53981.00,51.92,48.87,24.82,24.62,-1.92,1.13
53984.00,51.92,48.87,24.82,24.62,-1.92,1.13
53986.00,51.92,48.87,24.82,24.62,-1.92,1.13
53989.00,51.92,48.87,24.82,24.62,-1.92,1.13
53992.00,51.92,48.87,24.82,24.62,-1.92,1.13
53995.00,51.92,48.87,24.82,24.62,-1.92,1.13
53998.00,51.92,48.87,24.82,24.62,-1.92,1.13
54001.00,51.92,48.87,24.82,24.62,-1.92,1.13
54004.00,49.93,49.93,25.42,24.31,0.07,0.07
54007.00,49.93,49.93,25.42,24.31,0.07,0.07
54009.00,49.93,49.93,25.42,24.31,0.07,0.07
54012.00,49.93,49.93,25.42,24.31,0.07,0.07
54016.00,49.93,49.93,25.42,24.31,0.07,0.07
54019.00,49.93,49.93,25.42,24.31,0.07,0.07
54022.00,49.93,49.93,25.42,24.31,0.07,0.07
54025.00,49.93,49.93,25.42,24.31,0.07,0.07
54027.00,49.93,49.93,25.42,24.31,0.07,0.07
54030.00,49.93,49.93,25.42,24.31,0.07,0.07
54033.00,49.93,49.93,25.42,24.31,0.07,0.07
54036.00,49.93,49.93,25.42,24.31,0.07,0.07
54039.00,49.93,49.93,25.42,24.31,0.07,0.07
54041.00,49.93,49.93,25.42,24.31,0.07,0.07
54044.00,49.93,49.93,25.42,24.31,0.07,0.07
54047.00,49.93,49.93,25.42,24.31,0.07,0.07
54050.00,49.93,49.93,25.42,24.31,0.07,0.07
54053.00,45.81,51.92,27.07,23.52,4.19,-1.92
54056.00,45.81,51.92,27.07,23.52,4.19,-1.92
54060.00,45.81,51.92,27.07,23.52,4.19,-1.92
54063.00,45.81,51.92,27.07,23.52,4.19,-1.92
54065.00,45.81,51.92,27.07,23.52,4.19,-1.92
54068.00,45.81,51.92,27.07,23.52,4.19,-1.92
54071.00,45.81,51.92,27.07,23.52,4.19,-1.92
54074.00,45.81,51.92,27.07,23.52,4.19,-1.92
54077.00,45.81,51.92,27.07,23.52,4.19,-1.92
54080.00,45.81,51.92,27.07,23.52,4.19,-1.92
54083.00,45.81,51.92,27.07,23.52,4.19,-1.92
54085.00,45.81,51.92,27.07,23.52,4.19,-1.92
54088.00,45.81,51.92,27.07,23.52,4.19,-1.92
54091.00,45.81,51.92,27.07,23.52,4.19,-1.92
54094.00,45.81,51.92,27.07,23.52,4.19,-1.92
54097.00,45.81,51.92,27.07,23.52,4.19,-1.92
54100.00,45.81,51.92,27.07,23.52,4.19,-1.92
54104.00,51.92,48.87,25.05,24.55,-1.92,1.13
54107.00,51.92,48.87,25.05,24.55,-1.92,1.13
54110.00,51.92,48.87,25.05,24.55,-1.92,1.13
54112.00,51.92,48.87,25.05,24.55,-1.92,1.13
54115.00,51.92,48.87,25.05,24.55,-1.92,1.13
54118.00,51.92,48.87,25.05,24.55,-1.92,1.13
54121.00,51.92,48.87,25.05,24.55,-1.92,1.13
54124.00,51.92,48.87,25.05,24.55,-1.92,1.13
54127.00,51.92,48.87,25.05,24.55,-1.92,1.13
54129.00,51.92,48.87,25.05,24.55,-1.92,1.13
54132.00,51.92,48.87,25.05,24.55,-1.92,1.13
54135.00,51.92,48.87,25.05,24.55,-1.92,1.13
54138.00,51.92,48.87,25.05,24.55,-1.92,1.13
54141.00,51.92,48.87,25.05,24.55,-1.92,1.13
54145.00,51.92,48.87,25.05,24.55,-1.92,1.13
54148.00,51.92,48.87,25.05,24.55,-1.92,1.13
54150.00,51.92,48.87,25.05,24.55,-1.92,1.13
54154.00,51.92,48.87,24.86,24.66,-1.92,1.13
54156.00,51.92,48.87,24.86,24.66,-1.92,1.13
54159.00,51.92,48.87,24.86,24.66,-1.92,1.13
54162.00,51.92,48.87,24.86,24.66,-1.92,1.13
54165.00,51.92,48.87,24.86,24.66,-1.92,1.13
54168.00,51.92,48.87,24.86,24.66,-1.92,1.13
54171.00,51.92,48.87,24.86,24.66,-1.92,1.13
54174.00,51.92,48.87,24.86,24.66,-1.92,1.13
54176.00,51.92,48.87,24.86,24.66,-1.92,1.13
54179.00,51.92,48.87,24.86,24.66,-1.92,1.13
54182.00,51.92,48.87,24.86,24.66,-1.92,1.13
54185.00,51.92,48.87,24.86,24.66,-1.92,1.13
54189.00,51.92,48.87,24.86,24.66,-1.92,1.13
54192.00,51.92,48.87,24.86,24.66,-1.92,1.13
54194.00,51.92,48.87,24.86,24.66,-1.92,1.13
54197.00,51.92,48.87,24.86,24.66,-1.92,1.13
54200.00,51.92,48.87,24.86,24.66,-1.92,1.13
54203.00,48.87,51.92,25.89,23.55,1.13,-1.92
54206.00,48.87,51.92,25.89,23.55,1.13,-1.92
54209.00,48.87,51.92,25.89,23.55,1.13,-1.92
54212.00,48.87,51.92,25.89,23.55,1.13,-1.92
54215.00,48.87,51.92,25.89,23.55,1.13,-1.92
54218.00,48.87,51.92,25.89,23.55,1.13,-1.92
54220.00,48.87,51.92,25.89,23.55,1.13,-1.92
54223.00,48.87,51.92,25.89,23.55,1.13,-1.92
54226.00,48.87,51.92,25.89,23.55,1.13,-1.92
54230.00,48.87,51.92,25.89,23.55,1.13,-1.92
54233.00,48.87,51.92,25.89,23.55,1.13,-1.92
54236.00,48.87,51.92,25.89,23.55,1.13,-1.92
54239.00,48.87,51.92,25.89,23.55,1.13,-1.92
54241.00,48.87,51.92,25.89,23.55,1.13,-1.92
54244.00,48.87,51.92,25.89,23.55,1.13,-1.92
54247.00,48.87,51.92,25.89,23.55,1.13,-1.92
54250.00,48.87,51.92,25.89,23.55,1.13,-1.92
54253.00,36.65,48.87,30.89,24.58,13.35,1.13
54256.00,36.65,48.87,30.89,24.58,13.35,1.13
54259.00,36.65,48.87,30.89,24.58,13.35,1.13
54262.00,36.65,48.87,30.89,24.58,13.35,1.13
54265.00,36.65,48.87,30.89,24.58,13.35,1.13
54267.00,36.65,48.87,30.89,24.58,13.35,1.13
54270.00,36.65,48.87,30.89,24.58,13.35,1.13
54274.00,36.65,48.87,30.89,24.58,13.35,1.13
54277.00,36.65,48.87,30.89,24.58,13.35,1.13
54280.00,36.65,48.87,30.89,24.58,13.35,1.13
54283.00,36.65,48.87,30.89,24.58,13.35,1.13
54286.00,36.65,48.87,30.89,24.58,13.35,1.13
54289.00,36.65,48.87,30.89,24.58,13.35,1.13
54291.00,36.65,48.87,30.89,24.58,13.35,1.13
54294.00,36.65,48.87,30.89,24.58,13.35,1.13
54297.00,36.65,48.87,30.89,24.58,13.35,1.13
54300.00,36.65,48.87,30.89,24.58,13.35,1.13
54303.00,27.49,51.92,35.89,23.47,22.51,-1.92
54306.00,27.49,51.92,35.89,23.47,22.51,-1.92
54309.00,27.49,51.92,35.89,23.47,22.51,-1.92
54312.00,27.49,51.92,35.89,23.47,22.51,-1.92
54316.00,27.49,51.92,35.89,23.47,22.51,-1.92
54319.00,27.49,51.92,35.89,23.47,22.51,-1.92
54321.00,27.49,51.92,35.89,23.47,22.51,-1.92
54324.00,27.49,51.92,35.89,23.47,22.51,-1.92
54327.00,27.49,51.92,35.89,23.47,22.51,-1.92
54330.00,27.49,51.92,35.89,23.47,22.51,-1.92
54333.00,27.49,51.92,35.89,23.47,22.51,-1.92
54336.00,27.49,51.92,35.89,23.47,22.51,-1.92
54339.00,27.49,51.92,35.89,23.47,22.51,-1.92
54342.00,27.49,51.92,35.89,23.47,22.51,-1.92
54344.00,27.49,51.92,35.89,23.47,22.51,-1.92
54347.00,27.49,51.92,35.89,23.47,22.51,-1.92
54350.00,27.49,51.92,35.89,23.47,22.51,-1.92
54353.00,6.11,48.87,46.69,24.50,43.89,1.13
54356.00,6.11,48.87,46.69,24.50,43.89,1.13
54360.00,6.11,48.87,46.69,24.50,43.89,1.13
54363.00,6.11,48.87,46.69,24.50,43.89,1.13
54366.00,6.11,48.87,46.69,24.50,43.89,1.13
54368.00,6.11,48.87,46.69,24.50,43.89,1.13
54371.00,6.11,48.87,46.69,24.50,43.89,1.13
54374.00,6.11,48.87,46.69,24.50,43.89,1.13
54377.00,6.11,48.87,46.69,24.50,43.89,1.13
54380.00,6.11,48.87,46.69,24.50,43.89,1.13
54383.00,6.11,48.87,46.69,24.50,43.89,1.13
54385.00,6.11,48.87,46.69,24.50,43.89,1.13
54388.00,6.11,48.87,46.69,24.50,43.89,1.13
54391.00,6.11,48.87,46.69,24.50,43.89,1.13
54394.00,6.11,48.87,46.69,24.50,43.89,1.13
54397.00,6.11,48.87,46.69,24.50,43.89,1.13
54401.00,6.11,48.87,46.69,24.50,43.89,1.13
54404.00,0.00,48.87,53.52,24.62,50.00,1.13
54406.00,0.00,48.87,53.52,24.62,50.00,1.13
54409.00,0.00,48.87,53.52,24.62,50.00,1.13
54412.00,0.00,48.87,53.52,24.62,50.00,1.13
54415.00,0.00,48.87,53.52,24.62,50.00,1.13
54417.00,0.00,48.87,53.52,24.62,50.00,1.13
54420.00,0.00,48.87,53.52,24.62,50.00,1.13
54423.00,0.00,48.87,53.52,24.62,50.00,1.13
54426.00,0.00,48.87,53.52,24.62,50.00,1.13
54428.00,0.00,48.87,53.52,24.62,50.00,1.13
54431.00,0.00,48.87,53.52,24.62,50.00,1.13
54434.00,0.00,48.87,53.52,24.62,50.00,1.13
54437.00,0.00,48.87,53.52,24.62,50.00,1.13
54440.00,0.00,48.87,53.52,24.62,50.00,1.13
54443.00,0.00,48.87,53.52,24.62,50.00,1.13
54446.00,0.00,48.87,53.52,24.62,50.00,1.13
54449.00,0.00,48.87,53.52,24.62,50.00,1.13
54452.00,0.00,48.87,53.52,24.62,50.00,1.13
54455.00,14.97,50.91,52.53,23.91,35.03,-0.91
54458.00,14.97,50.91,52.53,23.91,35.03,-0.91
54461.00,14.97,50.91,52.53,23.91,35.03,-0.91
54463.00,14.97,50.91,52.53,23.91,35.03,-0.91
54466.00,14.97,50.91,52.53,23.91,35.03,-0.91
54469.00,14.97,50.91,52.53,23.91,35.03,-0.91
54472.00,14.97,50.91,52.53,23.91,35.03,-0.91
54475.00,14.97,50.91,52.53,23.91,35.03,-0.91
54478.00,14.97,50.91,52.53,23.91,35.03,-0.91
54481.00,14.97,50.91,52.53,23.91,35.03,-0.91
54484.00,14.97,50.91,52.53,23.91,35.03,-0.91
54487.00,14.97,50.91,52.53,23.91,35.03,-0.91
54490.00,14.97,50.91,52.53,23.91,35.03,-0.91
54493.00,14.97,50.91,52.53,23.91,35.03,-0.91
54496.00,14.97,50.91,52.53,23.91,35.03,-0.91
54499.00,14.97,50.91,52.53,23.91,35.03,-0.91
54502.00,14.97,50.91,52.53,23.91,35.03,-0.91
54505.00,23.96,47.91,52.44,25.02,26.04,2.09
54508.00,23.96,47.91,52.44,25.02,26.04,2.09
54511.00,23.96,47.91,52.44,25.02,26.04,2.09
54514.00,23.96,47.91,52.44,25.02,26.04,2.09
54516.00,23.96,47.91,52.44,25.02,26.04,2.09
54519.00,23.96,47.91,52.44,25.02,26.04,2.09
54522.00,23.96,47.91,52.44,25.02,26.04,2.09
54525.00,23.96,47.91,52.44,25.02,26.04,2.09
54529.00,23.96,47.91,52.44,25.02,26.04,2.09
54532.00,23.96,47.91,52.44,25.02,26.04,2.09
54535.00,23.96,47.91,52.44,25.02,26.04,2.09
54537.00,23.96,47.91,52.44,25.02,26.04,2.09
54540.00,23.96,47.91,52.44,25.02,26.04,2.09
54543.00,23.96,47.91,52.44,25.02,26.04,2.09
54546.00,23.96,47.91,52.44,25.02,26.04,2.09
54549.00,23.96,47.91,52.44,25.02,26.04,2.09
54552.00,23.96,47.91,52.44,25.02,26.04,2.09
54555.00,23.96,47.91,52.44,25.02,26.04,2.09
54558.00,17.62,52.86,57.58,23.25,32.38,-2.86
54561.00,17.62,52.86,57.58,23.25,32.38,-2.86
54563.00,17.62,52.86,57.58,23.25,32.38,-2.86
54566.00,17.62,52.86,57.58,23.25,32.38,-2.86
54569.00,17.62,52.86,57.58,23.25,32.38,-2.86
54573.00,17.62,52.86,57.58,23.25,32.38,-2.86
54576.00,17.62,52.86,57.58,23.25,32.38,-2.86
54579.00,17.62,52.86,57.58,23.25,32.38,-2.86
54582.00,17.62,52.86,57.58,23.25,32.38,-2.86
54585.00,17.62,52.86,57.58,23.25,32.38,-2.86
54588.00,17.62,52.86,57.58,23.25,32.38,-2.86
54590.00,17.62,52.86,57.58,23.25,32.38,-2.86
54593.00,17.62,52.86,57.58,23.25,32.38,-2.86
54596.00,17.62,52.86,57.58,23.25,32.38,-2.86
54599.00,17.62,52.86,57.58,23.25,32.38,-2.86
54602.00,17.62,52.86,57.58,23.25,32.38,-2.86
54605.00,17.62,52.86,57.58,23.25,32.38,-2.86
54608.00,17.97,47.91,60.68,24.94,32.03,2.09
54611.00,17.97,47.91,60.68,24.94,32.03,2.09
54615.00,17.97,47.91,60.68,24.94,32.03,2.09
54618.00,17.97,47.91,60.68,24.94,32.03,2.09
54620.00,17.97,47.91,60.68,24.94,32.03,2.09
54623.00,17.97,47.91,60.68,24.94,32.03,2.09
54626.00,17.97,47.91,60.68,24.94,32.03,2.09
54629.00,17.97,47.91,60.68,24.94,32.03,2.09
54632.00,17.97,47.91,60.68,24.94,32.03,2.09
54635.00,17.97,47.91,60.68,24.94,32.03,2.09
54638.00,17.97,47.91,60.68,24.94,32.03,2.09
54641.00,17.97,47.91,60.68,24.94,32.03,2.09
54643.00,17.97,47.91,60.68,24.94,32.03,2.09
54646.00,17.97,47.91,60.68,24.94,32.03,2.09
54649.00,17.97,47.91,60.68,24.94,32.03,2.09
54652.00,17.97,47.91,60.68,24.94,32.03,2.09
54656.00,17.97,47.91,60.68,24.94,32.03,2.09
54659.00,50.91,47.91,50.71,25.15,-0.91,2.09
54662.00,50.91,47.91,50.71,25.15,-0.91,2.09
54665.00,50.91,47.91,50.71,25.15,-0.91,2.09
54668.00,50.91,47.91,50.71,25.15,-0.91,2.09
54670.00,50.91,47.91,50.71,25.15,-0.91,2.09
54673.00,50.91,47.91,50.71,25.15,-0.91,2.09
54676.00,50.91,47.91,50.71,25.15,-0.91,2.09
54679.00,50.91,47.91,50.71,25.15,-0.91,2.09
54682.00,50.91,47.91,50.71,25.15,-0.91,2.09
54685.00,50.91,47.91,50.71,25.15,-0.91,2.09
54688.00,50.91,47.91,50.71,25.15,-0.91,2.09
54691.00,50.91,47.91,50.71,25.15,-0.91,2.09
54693.00,50.91,47.91,50.71,25.15,-0.91,2.09
54696.00,50.91,47.91,50.71,25.15,-0.91,2.09
54700.00,50.91,47.91,50.71,25.15,-0.91,2.09
54703.00,50.91,47.91,50.71,25.15,-0.91,2.09
54706.00,50.91,47.91,50.71,25.15,-0.91,2.09
54709.00,82.47,51.92,37.99,23.76,-32.47,-1.92
54712.00,82.47,51.92,37.99,23.76,-32.47,-1.92
54715.00,82.47,51.92,37.99,23.76,-32.47,-1.92
54718.00,82.47,51.92,37.99,23.76,-32.47,-1.92
54721.00,82.47,51.92,37.99,23.76,-32.47,-1.92
54724.00,82.47,51.92,37.99,23.76,-32.47,-1.92
54727.00,82.47,51.92,37.99,23.76,-32.47,-1.92
54729.00,82.47,51.92,37.99,23.76,-32.47,-1.92
54732.00,82.47,51.92,37.99,23.76,-32.47,-1.92
54735.00,82.47,51.92,37.99,23.76,-32.47,-1.92
54738.00,82.47,51.92,37.99,23.76,-32.47,-1.92
54742.00,82.47,51.92,37.99,23.76,-32.47,-1.92
54745.00,82.47,51.92,37.99,23.76,-32.47,-1.92
54748.00,82.47,51.92,37.99,23.76,-32.47,-1.92
54751.00,82.47,51.92,37.99,23.76,-32.47,-1.92
54754.00,82.47,51.92,37.99,23.76,-32.47,-1.92
54757.00,82.47,51.92,37.99,23.76,-32.47,-1.92
54760.00,94.68,51.92,29.86,23.56,-44.68,-1.92
54763.00,94.68,51.92,29.86,23.56,-44.68,-1.92
54766.00,94.68,51.92,29.86,23.56,-44.68,-1.92
54769.00,94.68,51.92,29.86,23.56,-44.68,-1.92
54772.00,94.68,51.92,29.86,23.56,-44.68,-1.92
54774.00,94.68,51.92,29.86,23.56,-44.68,-1.92
54777.00,94.68,51.92,29.86,23.56,-44.68,-1.92
54780.00,94.68,51.92,29.86,23.56,-44.68,-1.92
54784.00,94.68,51.92,29.86,23.56,-44.68,-1.92
54787.00,94.68,51.92,29.86,23.56,-44.68,-1.92
54790.00,94.68,51.92,29.86,23.56,-44.68,-1.92
54793.00,94.68,51.92,29.86,23.56,-44.68,-1.92
54796.00,94.68,51.92,29.86,23.56,-44.68,-1.92
54799.00,94.68,51.92,29.86,23.56,-44.68,-1.92
54802.00,94.68,51.92,29.86,23.56,-44.68,-1.92
54805.00,94.68,51.92,29.86,23.56,-44.68,-1.92
54807.00,94.68,51.92,29.86,23.56,-44.68,-1.92
54811.00,74.86,47.91,33.32,24.98,-24.86,2.09
54813.00,74.86,47.91,33.32,24.98,-24.86,2.09
54816.00,74.86,47.91,33.32,24.98,-24.86,2.09
54819.00,74.86,47.91,33.32,24.98,-24.86,2.09
54822.00,74.86,47.91,33.32,24.98,-24.86,2.09
54825.00,74.86,47.91,33.32,24.98,-24.86,2.09
54829.00,74.86,47.91,33.32,24.98,-24.86,2.09
54832.00,74.86,47.91,33.32,24.98,-24.86,2.09
54835.00,74.86,47.91,33.32,24.98,-24.86,2.09
54838.00,74.86,47.91,33.32,24.98,-24.86,2.09
54841.00,74.86,47.91,33.32,24.98,-24.86,2.09
54843.00,74.86,47.91,33.32,24.98,-24.86,2.09
54846.00,74.86,47.91,33.32,24.98,-24.86,2.09
54849.00,74.86,47.91,33.32,24.98,-24.86,2.09
54852.00,74.86,47.91,33.32,24.98,-24.86,2.09
54855.00,74.86,47.91,33.32,24.98,-24.86,2.09
54858.00,74.86,47.91,33.32,24.98,-24.86,2.09
54861.00,68.87,47.91,33.23,25.19,-18.87,2.09
54864.00,68.87,47.91,33.23,25.19,-18.87,2.09
54867.00,68.87,47.91,33.23,25.19,-18.87,2.09
54871.00,68.87,47.91,33.23,25.19,-18.87,2.09
54874.00,68.87,47.91,33.23,25.19,-18.87,2.09
54876.00,68.87,47.91,33.23,25.19,-18.87,2.09
54879.00,68.87,47.91,33.23,25.19,-18.87,2.09
54882.00,68.87,47.91,33.23,25.19,-18.87,2.09
54885.00,68.87,47.91,33.23,25.19,-18.87,2.09
54888.00,68.87,47.91,33.23,25.19,-18.87,2.09
54891.00,68.87,47.91,33.23,25.19,-18.87,2.09
54894.00,68.87,47.91,33.23,25.19,-18.87,2.09
54897.00,68.87,47.91,33.23,25.19,-18.87,2.09
54900.00,68.87,47.91,33.23,25.19,-18.87,2.09
54903.00,68.87,47.91,33.23,25.19,-18.87,2.09
54905.00,68.87,47.91,33.23,25.19,-18.87,2.09
54908.00,68.87,47.91,33.23,25.19,-18.87,2.09
54913.00,68.87,50.91,31.34,24.20,-18.87,-0.91
54915.00,68.87,50.91,31.34,24.20,-18.87,-0.91
54918.00,68.87,50.91,31.34,24.20,-18.87,-0.91
54921.00,68.87,50.91,31.34,24.20,-18.87,-0.91
54924.00,68.87,50.91,31.34,24.20,-18.87,-0.91
54927.00,68.87,50.91,31.34,24.20,-18.87,-0.91
54930.00,68.87,50.91,31.34,24.20,-18.87,-0.91
54933.00,68.87,50.91,31.34,24.20,-18.87,-0.91
54936.00,68.87,50.91,31.34,24.20,-18.87,-0.91
54939.00,68.87,50.91,31.34,24.20,-18.87,-0.91
54942.00,68.87,50.91,31.34,24.20,-18.87,-0.91
54945.00,68.87,50.91,31.34,24.20,-18.87,-0.91
54947.00,68.87,50.91,31.34,24.20,-18.87,-0.91
54950.00,68.87,50.91,31.34,24.20,-18.87,-0.91
54953.00,68.87,50.91,31.34,24.20,-18.87,-0.91
54957.00,68.87,50.91,31.34,24.20,-18.87,-0.91
54960.00,68.87,50.91,31.34,24.20,-18.87,-0.91
54963.00,68.87,50.91,29.46,24.11,-18.87,-0.91
54966.00,68.87,50.91,29.46,24.11,-18.87,-0.91
54969.00,68.87,50.91,29.46,24.11,-18.87,-0.91
54972.00,68.87,50.91,29.46,24.11,-18.87,-0.91
54975.00,68.87,50.91,29.46,24.11,-18.87,-0.91
54978.00,68.87,50.91,29.46,24.11,-18.87,-0.91
54981.00,68.87,50.91,29.46,24.11,-18.87,-0.91
54984.00,68.87,50.91,29.46,24.11,-18.87,-0.91
54987.00,68.87,50.91,29.46,24.11,-18.87,-0.91
54989.00,68.87,50.91,29.46,24.11,-18.87,-0.91
54992.00,68.87,50.91,29.46,24.11,-18.87,-0.91
54995.00,68.87,50.91,29.46,24.11,-18.87,-0.91
54999.00,68.87,50.91,29.46,24.11,-18.87,-0.91
55002.00,68.87,50.91,29.46,24.11,-18.87,-0.91
55005.00,68.87,50.91,29.46,24.11,-18.87,-0.91
55008.00,68.87,50.91,29.46,24.11,-18.87,-0.91
55011.00,68.87,50.91,29.46,24.11,-18.87,-0.91
55014.00,62.88,47.91,29.96,25.21,-12.88,2.09
55017.00,62.88,47.91,29.96,25.21,-12.88,2.09
55020.00,62.88,47.91,29.96,25.21,-12.88,2.09
55023.00,62.88,47.91,29.96,25.21,-12.88,2.09
55026.00,62.88,47.91,29.96,25.21,-12.88,2.09
55028.00,62.88,47.91,29.96,25.21,-12.88,2.09
55031.00,62.88,47.91,29.96,25.21,-12.88,2.09
55034.00,62.88,47.91,29.96,25.21,-12.88,2.09
55037.00,62.88,47.91,29.96,25.21,-12.88,2.09
55041.00,62.88,47.91,29.96,25.21,-12.88,2.09
55044.00,62.88,47.91,29.96,25.21,-12.88,2.09
55047.00,62.88,47.91,29.96,25.21,-12.88,2.09
55050.00,62.88,47.91,29.96,25.21,-12.88,2.09
55053.00,62.88,47.91,29.96,25.21,-12.88,2.09
55055.00,62.88,47.91,29.96,25.21,-12.88,2.09
55058.00,62.88,47.91,29.96,25.21,-12.88,2.09
55061.00,62.88,47.91,29.96,25.21,-12.88,2.09
55064.00,61.09,51.92,29.39,23.82,-11.09,-1.92
55067.00,61.09,51.92,29.39,23.82,-11.09,-1.92
55070.00,61.09,51.92,29.39,23.82,-11.09,-1.92
55073.00,61.09,51.92,29.39,23.82,-11.09,-1.92
55076.00,61.09,51.92,29.39,23.82,-11.09,-1.92
55079.00,61.09,51.92,29.39,23.82,-11.09,-1.92
55083.00,61.09,51.92,29.39,23.82,-11.09,-1.92
55086.00,61.09,51.92,29.39,23.82,-11.09,-1.92
55089.00,61.09,51.92,29.39,23.82,-11.09,-1.92
55092.00,61.09,51.92,29.39,23.82,-11.09,-1.92
55094.00,61.09,51.92,29.39,23.82,-11.09,-1.92
55097.00,61.09,51.92,29.39,23.82,-11.09,-1.92
55100.00,61.09,51.92,29.39,23.82,-11.09,-1.92
55103.00,61.09,51.92,29.39,23.82,-11.09,-1.92
55106.00,61.09,51.92,29.39,23.82,-11.09,-1.92
55109.00,61.09,51.92,29.39,23.82,-11.09,-1.92
55112.00,61.09,51.92,29.39,23.82,-11.09,-1.92
55115.00,59.89,50.91,28.76,24.03,-9.89,-0.91
55118.00,59.89,50.91,28.76,24.03,-9.89,-0.91
55121.00,59.89,50.91,28.76,24.03,-9.89,-0.91
55124.00,59.89,50.91,28.76,24.03,-9.89,-0.91
55127.00,59.89,50.91,28.76,24.03,-9.89,-0.91
55130.00,59.89,50.91,28.76,24.03,-9.89,-0.91
55133.00,59.89,50.91,28.76,24.03,-9.89,-0.91
55136.00,59.89,50.91,28.76,24.03,-9.89,-0.91
55139.00,59.89,50.91,28.76,24.03,-9.89,-0.91
55142.00,59.89,50.91,28.76,24.03,-9.89,-0.91
55145.00,59.89,50.91,28.76,24.03,-9.89,-0.91
55147.00,59.89,50.91,28.76,24.03,-9.89,-0.91
55150.00,59.89,50.91,28.76,24.03,-9.89,-0.91
55153.00,59.89,50.91,28.76,24.03,-9.89,-0.91
55156.00,59.89,50.91,28.76,24.03,-9.89,-0.91
55159.00,59.89,50.91,28.76,24.03,-9.89,-0.91
55162.00,59.89,50.91,28.76,24.03,-9.89,-0.91
55165.00,58.03,48.87,28.52,24.76,-8.03,1.13
55169.00,58.03,48.87,28.52,24.76,-8.03,1.13
55172.00,58.03,48.87,28.52,24.76,-8.03,1.13
55175.00,58.03,48.87,28.52,24.76,-8.03,1.13
55177.00,58.03,48.87,28.52,24.76,-8.03,1.13
55180.00,58.03,48.87,28.52,24.76,-8.03,1.13
55183.00,58.03,48.87,28.52,24.76,-8.03,1.13
55186.00,58.03,48.87,28.52,24.76,-8.03,1.13
55189.00,58.03,48.87,28.52,24.76,-8.03,1.13
55192.00,58.03,48.87,28.52,24.76,-8.03,1.13
55194.00,58.03,48.87,28.52,24.76,-8.03,1.13
55197.00,58.03,48.87,28.52,24.76,-8.03,1.13
55200.00,58.03,48.87,28.52,24.76,-8.03,1.13
55203.00,58.03,48.87,28.52,24.76,-8.03,1.13
55206.00,58.03,48.87,28.52,24.76,-8.03,1.13
55209.00,58.03,48.87,28.52,24.76,-8.03,1.13
55213.00,58.03,48.87,28.52,24.76,-8.03,1.13
55216.00,54.98,51.92,28.94,23.65,-4.98,-1.92
55219.00,54.98,51.92,28.94,23.65,-4.98,-1.92
55221.00,54.98,51.92,28.94,23.65,-4.98,-1.92
55224.00,54.98,51.92,28.94,23.65,-4.98,-1.92
55227.00,54.98,51.92,28.94,23.65,-4.98,-1.92
55230.00,54.98,51.92,28.94,23.65,-4.98,-1.92
55233.00,54.98,51.92,28.94,23.65,-4.98,-1.92
55236.00,54.98,51.92,28.94,23.65,-4.98,-1.92
55239.00,54.98,51.92,28.94,23.65,-4.98,-1.92
55242.00,54.98,51.92,28.94,23.65,-4.98,-1.92
55244.00,54.98,51.92,28.94,23.65,-4.98,-1.92
55247.00,54.98,51.92,28.94,23.65,-4.98,-1.92
55250.00,54.98,51.92,28.94,23.65,-4.98,-1.92
55254.00,54.98,51.92,28.94,23.65,-4.98,-1.92
55257.00,54.98,51.92,28.94,23.65,-4.98,-1.92
55260.00,54.98,51.92,28.94,23.65,-4.98,-1.92
55263.00,54.98,51.92,28.94,23.65,-4.98,-1.92
55266.00,58.03,48.87,27.22,24.68,-8.03,1.13
55269.00,58.03,48.87,27.22,24.68,-8.03,1.13
55271.00,58.03,48.87,27.22,24.68,-8.03,1.13
55274.00,58.03,48.87,27.22,24.68,-8.03,1.13
55277.00,58.03,48.87,27.22,24.68,-8.03,1.13
55280.00,58.03,48.87,27.22,24.68,-8.03,1.13
55283.00,58.03,48.87,27.22,24.68,-8.03,1.13
55286.00,58.03,48.87,27.22,24.68,-8.03,1.13
55289.00,58.03,48.87,27.22,24.68,-8.03,1.13
55291.00,58.03,48.87,27.22,24.68,-8.03,1.13
55294.00,58.03,48.87,27.22,24.68,-8.03,1.13
55298.00,58.03,48.87,27.22,24.68,-8.03,1.13
55301.00,58.03,48.87,27.22,24.68,-8.03,1.13
55304.00,58.03,48.87,27.22,24.68,-8.03,1.13
55307.00,58.03,48.87,27.22,24.68,-8.03,1.13
55309.00,58.03,48.87,27.22,24.68,-8.03,1.13
55312.00,58.03,48.87,27.22,24.68,-8.03,1.13
55315.00,54.98,48.87,27.64,24.79,-4.98,1.13
55318.00,54.98,48.87,27.64,24.79,-4.98,1.13
55321.00,54.98,48.87,27.64,24.79,-4.98,1.13
55324.00,54.98,48.87,27.64,24.79,-4.98,1.13
55327.00,54.98,48.87,27.64,24.79,-4.98,1.13
55330.00,54.98,48.87,27.64,24.79,-4.98,1.13
55333.00,54.98,48.87,27.64,24.79,-4.98,1.13
55335.00,54.98,48.87,27.64,24.79,-4.98,1.13
55339.00,54.98,48.87,27.64,24.79,-4.98,1.13
55342.00,54.98,48.87,27.64,24.79,-4.98,1.13
55345.00,54.98,48.87,27.64,24.79,-4.98,1.13
55348.00,54.98,48.87,27.64,24.79,-4.98,1.13
55351.00,54.98,48.87,27.64,24.79,-4.98,1.13
55354.00,54.98,48.87,27.64,24.79,-4.98,1.13
55356.00,54.98,48.87,27.64,24.79,-4.98,1.13
55359.00,54.98,48.87,27.64,24.79,-4.98,1.13
55362.00,54.98,48.87,27.64,24.79,-4.98,1.13
55365.00,54.98,48.87,27.14,24.90,-4.98,1.13
55368.00,54.98,48.87,27.14,24.90,-4.98,1.13
55371.00,54.98,48.87,27.14,24.90,-4.98,1.13
55374.00,54.98,48.87,27.14,24.90,-4.98,1.13
55377.00,54.98,48.87,27.14,24.90,-4.98,1.13
55379.00,54.98,48.87,27.14,24.90,-4.98,1.13
55383.00,54.98,48.87,27.14,24.90,-4.98,1.13
55386.00,54.98,48.87,27.14,24.90,-4.98,1.13
55389.00,54.98,48.87,27.14,24.90,-4.98,1.13
55392.00,54.98,48.87,27.14,24.90,-4.98,1.13
55395.00,54.98,48.87,27.14,24.90,-4.98,1.13
55398.00,54.98,48.87,27.14,24.90,-4.98,1.13
55400.00,54.98,48.87,27.14,24.90,-4.98,1.13
55403.00,54.98,48.87,27.14,24.90,-4.98,1.13
55406.00,54.98,48.87,27.14,24.90,-4.98,1.13
55409.00,54.98,48.87,27.14,24.90,-4.98,1.13
55412.00,54.98,48.87,27.14,24.90,-4.98,1.13
55415.00,51.92,48.87,27.86,25.02,-1.92,1.13
55418.00,51.92,48.87,27.86,25.02,-1.92,1.13
55421.00,51.92,48.87,27.86,25.02,-1.92,1.13
55425.00,51.92,48.87,27.86,25.02,-1.92,1.13
55427.00,51.92,48.87,27.86,25.02,-1.92,1.13
55430.00,51.92,48.87,27.86,25.02,-1.92,1.13
55433.00,51.92,48.87,27.86,25.02,-1.92,1.13
55436.00,51.92,48.87,27.86,25.02,-1.92,1.13
55439.00,51.92,48.87,27.86,25.02,-1.92,1.13
55442.00,51.92,48.87,27.86,25.02,-1.92,1.13
55444.00,51.92,48.87,27.86,25.02,-1.92,1.13
55447.00,51.92,48.87,27.86,25.02,-1.92,1.13
55450.00,51.92,48.87,27.86,25.02,-1.92,1.13
55453.00,51.92,48.87,27.86,25.02,-1.92,1.13
55456.00,51.92,48.87,27.86,25.02,-1.92,1.13
55459.00,51.92,48.87,27.86,25.02,-1.92,1.13
55462.00,51.92,48.87,27.86,25.02,-1.92,1.13
55464.00,51.92,48.87,27.86,25.02,-1.92,1.13
55469.00,54.75,51.87,26.54,23.93,-4.75,-1.87
55471.00,54.75,51.87,26.54,23.93,-4.75,-1.87
55474.00,54.75,51.87,26.54,23.93,-4.75,-1.87
55477.00,54.75,51.87,26.54,23.93,-4.75,-1.87
55480.00,54.75,51.87,26.54,23.93,-4.75,-1.87
55483.00,54.75,51.87,26.54,23.93,-4.75,-1.87
55486.00,54.75,51.87,26.54,23.93,-4.75,-1.87
55489.00,54.75,51.87,26.54,23.93,-4.75,-1.87
55492.00,54.75,51.87,26.54,23.93,-4.75,-1.87
55494.00,54.75,51.87,26.54,23.93,-4.75,-1.87
55497.00,54.75,51.87,26.54,23.93,-4.75,-1.87
55500.00,54.75,51.87,26.54,23.93,-4.75,-1.87
55503.00,54.75,51.87,26.54,23.93,-4.75,-1.87
55506.00,54.75,51.87,26.54,23.93,-4.75,-1.87
55510.00,54.75,51.87,26.54,23.93,-4.75,-1.87
55513.00,54.75,51.87,26.54,23.93,-4.75,-1.87
55516.00,54.75,51.87,26.54,23.93,-4.75,-1.87
55519.00,51.92,51.92,27.19,23.72,-1.92,-1.92
55522.00,51.92,51.92,27.19,23.72,-1.92,-1.92
55524.00,51.92,51.92,27.19,23.72,-1.92,-1.92
55527.00,51.92,51.92,27.19,23.72,-1.92,-1.92
55530.00,51.92,51.92,27.19,23.72,-1.92,-1.92
55533.00,51.92,51.92,27.19,23.72,-1.92,-1.92
55536.00,51.92,51.92,27.19,23.72,-1.92,-1.92
55539.00,51.92,51.92,27.19,23.72,-1.92,-1.92
55542.00,51.92,51.92,27.19,23.72,-1.92,-1.92
55544.00,51.92,51.92,27.19,23.72,-1.92,-1.92
55547.00,51.92,51.92,27.19,23.72,-1.92,-1.92
55550.00,51.92,51.92,27.19,23.72,-1.92,-1.92
55554.00,51.92,51.92,27.19,23.72,-1.92,-1.92
55557.00,51.92,51.92,27.19,23.72,-1.92,-1.92
55560.00,51.92,51.92,27.19,23.72,-1.92,-1.92
55563.00,51.92,51.92,27.19,23.72,-1.92,-1.92
55566.00,51.92,51.92,27.19,23.72,-1.92,-1.92
55569.00,54.98,48.87,25.78,24.75,-4.98,1.13
55572.00,54.98,48.87,25.78,24.75,-4.98,1.13
55574.00,54.98,48.87,25.78,24.75,-4.98,1.13
55577.00,54.98,48.87,25.78,24.75,-4.98,1.13
55580.00,54.98,48.87,25.78,24.75,-4.98,1.13
55583.00,54.98,48.87,25.78,24.75,-4.98,1.13
55586.00,54.98,48.87,25.78,24.75,-4.98,1.13
55589.00,54.98,48.87,25.78,24.75,-4.98,1.13
55592.00,54.98,48.87,25.78,24.75,-4.98,1.13
55595.00,54.98,48.87,25.78,24.75,-4.98,1.13
55598.00,54.98,48.87,25.78,24.75,-4.98,1.13
55601.00,54.98,48.87,25.78,24.75,-4.98,1.13
55604.00,54.98,48.87,25.78,24.75,-4.98,1.13
55607.00,54.98,48.87,25.78,24.75,-4.98,1.13
55610.00,54.98,48.87,25.78,24.75,-4.98,1.13
55612.00,54.98,48.87,25.78,24.75,-4.98,1.13
55615.00,54.98,48.87,25.78,24.75,-4.98,1.13
55618.00,51.92,48.87,26.50,24.86,-1.92,1.13
55621.00,51.92,48.87,26.50,24.86,-1.92,1.13
55624.00,51.92,48.87,26.50,24.86,-1.92,1.13
55627.00,51.92,48.87,26.50,24.86,-1.92,1.13
55630.00,51.92,48.87,26.50,24.86,-1.92,1.13
55633.00,51.92,48.87,26.50,24.86,-1.92,1.13
55636.00,51.92,48.87,26.50,24.86,-1.92,1.13
55639.00,51.92,48.87,26.50,24.86,-1.92,1.13
55642.00,51.92,48.87,26.50,24.86,-1.92,1.13
55645.00,51.92,48.87,26.50,24.86,-1.92,1.13
55648.00,51.92,48.87,26.50,24.86,-1.92,1.13
55651.00,51.92,48.87,26.50,24.86,-1.92,1.13
55654.00,51.92,48.87,26.50,24.86,-1.92,1.13
55656.00,51.92,48.87,26.50,24.86,-1.92,1.13
55659.00,51.92,48.87,26.50,24.86,-1.92,1.13
55662.00,51.92,48.87,26.50,24.86,-1.92,1.13
55665.00,51.92,48.87,26.50,24.86,-1.92,1.13
55668.00,51.92,51.92,26.31,23.75,-1.92,-1.92
55671.00,51.92,51.92,26.31,23.75,-1.92,-1.92
55674.00,51.92,51.92,26.31,23.75,-1.92,-1.92
55677.00,51.92,51.92,26.31,23.75,-1.92,-1.92
55681.00,51.92,51.92,26.31,23.75,-1.92,-1.92
55683.00,51.92,51.92,26.31,23.75,-1.92,-1.92
55686.00,51.92,51.92,26.31,23.75,-1.92,-1.92
55689.00,51.92,51.92,26.31,23.75,-1.92,-1.92
55692.00,51.92,51.92,26.31,23.75,-1.92,-1.92
55695.00,51.92,51.92,26.31,23.75,-1.92,-1.92
55698.00,51.92,51.92,26.31,23.75,-1.92,-1.92
55701.00,51.92,51.92,26.31,23.75,-1.92,-1.92
55704.00,51.92,51.92,26.31,23.75,-1.92,-1.92
55706.00,51.92,51.92,26.31,23.75,-1.92,-1.92
55709.00,51.92,51.92,26.31,23.75,-1.92,-1.92
55712.00,51.92,51.92,26.31,23.75,-1.92,-1.92
55715.00,51.92,51.92,26.31,23.75,-1.92,-1.92
55718.00,48.87,48.87,27.34,24.78,1.13,1.13
55721.00,48.87,48.87,27.34,24.78,1.13,1.13
55725.00,48.87,48.87,27.34,24.78,1.13,1.13
55728.00,48.87,48.87,27.34,24.78,1.13,1.13
55731.00,48.87,48.87,27.34,24.78,1.13,1.13
55733.00,48.87,48.87,27.34,24.78,1.13,1.13
55736.00,48.87,48.87,27.34,24.78,1.13,1.13
55739.00,48.87,48.87,27.34,24.78,1.13,1.13
55742.00,48.87,48.87,27.34,24.78,1.13,1.13
55745.00,48.87,48.87,27.34,24.78,1.13,1.13
55748.00,48.87,48.87,27.34,24.78,1.13,1.13
55750.00,48.87,48.87,27.34,24.78,1.13,1.13
55753.00,48.87,48.87,27.34,24.78,1.13,1.13
55756.00,48.87,48.87,27.34,24.78,1.13,1.13
55759.00,48.87,48.87,27.34,24.78,1.13,1.13
55762.00,48.87,48.87,27.34,24.78,1.13,1.13
55766.00,48.87,48.87,27.34,24.78,1.13,1.13
55769.00,51.92,48.87,26.23,24.90,-1.92,1.13
55772.00,51.92,48.87,26.23,24.90,-1.92,1.13
55774.00,51.92,48.87,26.23,24.90,-1.92,1.13
55777.00,51.92,48.87,26.23,24.90,-1.92,1.13
55780.00,51.92,48.87,26.23,24.90,-1.92,1.13
55783.00,51.92,48.87,26.23,24.90,-1.92,1.13
55786.00,51.92,48.87,26.23,24.90,-1.92,1.13
55789.00,51.92,48.87,26.23,24.90,-1.92,1.13
55792.00,51.92,48.87,26.23,24.90,-1.92,1.13
55794.00,51.92,48.87,26.23,24.90,-1.92,1.13
55797.00,51.92,48.87,26.23,24.90,-1.92,1.13
55800.00,51.92,48.87,26.23,24.90,-1.92,1.13
55803.00,51.92,48.87,26.23,24.90,-1.92,1.13
55806.00,51.92,48.87,26.23,24.90,-1.92,1.13
55810.00,51.92,48.87,26.23,24.90,-1.92,1.13
55813.00,51.92,48.87,26.23,24.90,-1.92,1.13
55815.00,51.92,48.87,26.23,24.90,-1.92,1.13
55819.00,54.98,51.92,24.82,23.79,-4.98,-1.92
55821.00,54.98,51.92,24.82,23.79,-4.98,-1.92
55824.00,54.98,51.92,24.82,23.79,-4.98,-1.92
55827.00,54.98,51.92,24.82,23.79,-4.98,-1.92
55830.00,54.98,51.92,24.82,23.79,-4.98,-1.92
55833.00,54.98,51.92,24.82,23.79,-4.98,-1.92
55836.00,54.98,51.92,24.82,23.79,-4.98,-1.92
55839.00,54.98,51.92,24.82,23.79,-4.98,-1.92
55841.00,54.98,51.92,24.82,23.79,-4.98,-1.92
55844.00,54.98,51.92,24.82,23.79,-4.98,-1.92
55847.00,54.98,51.92,24.82,23.79,-4.98,-1.92
55851.00,54.98,51.92,24.82,23.79,-4.98,-1.92
55854.00,54.98,51.92,24.82,23.79,-4.98,-1.92
55857.00,54.98,51.92,24.82,23.79,-4.98,-1.92
55860.00,54.98,51.92,24.82,23.79,-4.98,-1.92
55862.00,54.98,51.92,24.82,23.79,-4.98,-1.92
55865.00,54.98,51.92,24.82,23.79,-4.98,-1.92
55868.00,48.87,48.87,26.76,24.82,1.13,1.13
55871.00,48.87,48.87,26.76,24.82,1.13,1.13
55874.00,48.87,48.87,26.76,24.82,1.13,1.13
55877.00,48.87,48.87,26.76,24.82,1.13,1.13
55880.00,48.87,48.87,26.76,24.82,1.13,1.13
55883.00,48.87,48.87,26.76,24.82,1.13,1.13
55886.00,48.87,48.87,26.76,24.82,1.13,1.13
55888.00,48.87,48.87,26.76,24.82,1.13,1.13
55891.00,48.87,48.87,26.76,24.82,1.13,1.13
55895.00,48.87,48.87,26.76,24.82,1.13,1.13
55898.00,48.87,48.87,26.76,24.82,1.13,1.13
55901.00,48.87,48.87,26.76,24.82,1.13,1.13
55904.00,48.87,48.87,26.76,24.82,1.13,1.13
55906.00,48.87,48.87,26.76,24.82,1.13,1.13
55909.00,48.87,48.87,26.76,24.82,1.13,1.13
55912.00,48.87,48.87,26.76,24.82,1.13,1.13
55915.00,48.87,48.87,26.76,24.82,1.13,1.13
55918.00,48.87,48.87,26.88,24.93,1.13,1.13
55921.00,48.87,48.87,26.88,24.93,1.13,1.13
55924.00,48.87,48.87,26.88,24.93,1.13,1.13
55927.00,48.87,48.87,26.88,24.93,1.13,1.13
55929.00,48.87,48.87,26.88,24.93,1.13,1.13
55932.00,48.87,48.87,26.88,24.93,1.13,1.13
55936.00,48.87,48.87,26.88,24.93,1.13,1.13
55939.00,48.87,48.87,26.88,24.93,1.13,1.13
55942.00,48.87,48.87,26.88,24.93,1.13,1.13
55945.00,48.87,48.87,26.88,24.93,1.13,1.13
55947.00,48.87,48.87,26.88,24.93,1.13,1.13
55950.00,48.87,48.87,26.88,24.93,1.13,1.13
55953.00,48.87,48.87,26.88,24.93,1.13,1.13
55956.00,48.87,48.87,26.88,24.93,1.13,1.13
55959.00,48.87,48.87,26.88,24.93,1.13,1.13
55962.00,48.87,48.87,26.88,24.93,1.13,1.13
55965.00,48.87,48.87,26.88,24.93,1.13,1.13
55967.00,48.87,48.87,26.88,24.93,1.13,1.13
55970.00,49.93,52.86,26.57,23.45,0.07,-2.86
55973.00,49.93,52.86,26.57,23.45,0.07,-2.86
55976.00,49.93,52.86,26.57,23.45,0.07,-2.86
55980.00,49.93,52.86,26.57,23.45,0.07,-2.86
55983.00,49.93,52.86,26.57,23.45,0.07,-2.86
55986.00,49.93,52.86,26.57,23.45,0.07,-2.86
55989.00,49.93,52.86,26.57,23.45,0.07,-2.86
55991.00,49.93,52.86,26.57,23.45,0.07,-2.86
55994.00,49.93,52.86,26.57,23.45,0.07,-2.86
55997.00,49.93,52.86,26.57,23.45,0.07,-2.86
56000.00,49.93,52.86,26.57,23.45,0.07,-2.86
56003.00,49.93,52.86,26.57,23.45,0.07,-2.86
56006.00,49.93,52.86,26.57,23.45,0.07,-2.86
56008.00,49.93,52.86,26.57,23.45,0.07,-2.86
56011.00,49.93,52.86,26.57,23.45,0.07,-2.86
56014.00,49.93,52.86,26.57,23.45,0.07,-2.86
56017.00,49.93,52.86,26.57,23.45,0.07,-2.86
56020.00,51.92,48.87,25.78,24.76,-1.92,1.13
56024.00,51.92,48.87,25.78,24.76,-1.92,1.13
56027.00,51.92,48.87,25.78,24.76,-1.92,1.13
56030.00,51.92,48.87,25.78,24.76,-1.92,1.13
56032.00,51.92,48.87,25.78,24.76,-1.92,1.13
56035.00,51.92,48.87,25.78,24.76,-1.92,1.13
56038.00,51.92,48.87,25.78,24.76,-1.92,1.13
56041.00,51.92,48.87,25.78,24.76,-1.92,1.13
56044.00,51.92,48.87,25.78,24.76,-1.92,1.13
56047.00,51.92,48.87,25.78,24.76,-1.92,1.13
56050.00,51.92,48.87,25.78,24.76,-1.92,1.13
56052.00,51.92,48.87,25.78,24.76,-1.92,1.13
56055.00,51.92,48.87,25.78,24.76,-1.92,1.13
56058.00,51.92,48.87,25.78,24.76,-1.92,1.13
56061.00,51.92,48.87,25.78,24.76,-1.92,1.13
56065.00,51.92,48.87,25.78,24.76,-1.92,1.13
56068.00,51.92,48.87,25.78,24.76,-1.92,1.13
56071.00,51.92,48.87,25.58,24.87,-1.92,1.13
56074.00,51.92,48.87,25.58,24.87,-1.92,1.13
56077.00,51.92,48.87,25.58,24.87,-1.92,1.13
56079.00,51.92,48.87,25.58,24.87,-1.92,1.13
56082.00,51.92,48.87,25.58,24.87,-1.92,1.13
56085.00,51.92,48.87,25.58,24.87,-1.92,1.13
56088.00,51.92,48.87,25.58,24.87,-1.92,1.13
56091.00,51.92,48.87,25.58,24.87,-1.92,1.13
56094.00,51.92,48.87,25.58,24.87,-1.92,1.13
56097.00,51.92,48.87,25.58,24.87,-1.92,1.13
56099.00,51.92,48.87,25.58,24.87,-1.92,1.13
56102.00,51.92,48.87,25.58,24.87,-1.92,1.13
56105.00,51.92,48.87,25.58,24.87,-1.92,1.13
56109.00,51.92,48.87,25.58,24.87,-1.92,1.13
56112.00,51.92,48.87,25.58,24.87,-1.92,1.13
56115.00,51.92,48.87,25.58,24.87,-1.92,1.13
56117.00,51.92,48.87,25.58,24.87,-1.92,1.13
56121.00,48.87,51.92,26.61,23.76,1.13,-1.92
56123.00,48.87,51.92,26.61,23.76,1.13,-1.92
56126.00,48.87,51.92,26.61,23.76,1.13,-1.92
56129.00,48.87,51.92,26.61,23.76,1.13,-1.92
56132.00,48.87,51.92,26.61,23.76,1.13,-1.92
56135.00,48.87,51.92,26.61,23.76,1.13,-1.92
56138.00,48.87,51.92,26.61,23.76,1.13,-1.92
56141.00,48.87,51.92,26.61,23.76,1.13,-1.92
56143.00,48.87,51.92,26.61,23.76,1.13,-1.92
56146.00,48.87,51.92,26.61,23.76,1.13,-1.92
56150.00,48.87,51.92,26.61,23.76,1.13,-1.92
56153.00,48.87,51.92,26.61,23.76,1.13,-1.92
56156.00,48.87,51.92,26.61,23.76,1.13,-1.92
56159.00,48.87,51.92,26.61,23.76,1.13,-1.92
56162.00,48.87,51.92,26.61,23.76,1.13,-1.92
56164.00,48.87,51.92,26.61,23.76,1.13,-1.92
56167.00,48.87,51.92,26.61,23.76,1.13,-1.92
56170.00,48.87,48.87,26.73,24.79,1.13,1.13
56173.00,48.87,48.87,26.73,24.79,1.13,1.13
56176.00,48.87,48.87,26.73,24.79,1.13,1.13
56179.00,48.87,48.87,26.73,24.79,1.13,1.13
56182.00,48.87,48.87,26.73,24.79,1.13,1.13
56185.00,48.87,48.87,26.73,24.79,1.13,1.13
56187.00,48.87,48.87,26.73,24.79,1.13,1.13
56190.00,48.87,48.87,26.73,24.79,1.13,1.13
56194.00,48.87,48.87,26.73,24.79,1.13,1.13
56197.00,48.87,48.87,26.73,24.79,1.13,1.13
56200.00,48.87,48.87,26.73,24.79,1.13,1.13
56203.00,48.87,48.87,26.73,24.79,1.13,1.13
56206.00,48.87,48.87,26.73,24.79,1.13,1.13
56208.00,48.87,48.87,26.73,24.79,1.13,1.13
56211.00,48.87,48.87,26.73,24.79,1.13,1.13
56214.00,48.87,48.87,26.73,24.79,1.13,1.13
56217.00,48.87,48.87,26.73,24.79,1.13,1.13
56220.00,51.92,51.92,25.62,23.68,-1.92,-1.92
56223.00,51.92,51.92,25.62,23.68,-1.92,-1.92
56226.00,51.92,51.92,25.62,23.68,-1.92,-1.92
56229.00,51.92,51.92,25.62,23.68,-1.92,-1.92
56231.00,51.92,51.92,25.62,23.68,-1.92,-1.92
56235.00,51.92,51.92,25.62,23.68,-1.92,-1.92
56238.00,51.92,51.92,25.62,23.68,-1.92,-1.92
56241.00,51.92,51.92,25.62,23.68,-1.92,-1.92
56244.00,51.92,51.92,25.62,23.68,-1.92,-1.92
56247.00,51.92,51.92,25.62,23.68,-1.92,-1.92
56250.00,51.92,51.92,25.62,23.68,-1.92,-1.92
56253.00,51.92,51.92,25.62,23.68,-1.92,-1.92
56255.00,51.92,51.92,25.62,23.68,-1.92,-1.92
56258.00,51.92,51.92,25.62,23.68,-1.92,-1.92
56261.00,51.92,51.92,25.62,23.68,-1.92,-1.92
56264.00,51.92,51.92,25.62,23.68,-1.92,-1.92
56267.00,51.92,51.92,25.62,23.68,-1.92,-1.92
56270.00,51.92,48.87,25.43,24.71,-1.92,1.13
56273.00,51.92,48.87,25.43,24.71,-1.92,1.13
56276.00,51.92,48.87,25.43,24.71,-1.92,1.13
56280.00,51.92,48.87,25.43,24.71,-1.92,1.13
56282.00,51.92,48.87,25.43,24.71,-1.92,1.13
56285.00,51.92,48.87,25.43,24.71,-1.92,1.13
56288.00,51.92,48.87,25.43,24.71,-1.92,1.13
56291.00,51.92,48.87,25.43,24.71,-1.92,1.13
56294.00,51.92,48.87,25.43,24.71,-1.92,1.13
56297.00,51.92,48.87,25.43,24.71,-1.92,1.13
56300.00,51.92,48.87,25.43,24.71,-1.92,1.13
56302.00,51.92,48.87,25.43,24.71,-1.92,1.13
56305.00,51.92,48.87,25.43,24.71,-1.92,1.13
56308.00,51.92,48.87,25.43,24.71,-1.92,1.13
56311.00,51.92,48.87,25.43,24.71,-1.92,1.13
56314.00,51.92,48.87,25.43,24.71,-1.92,1.13
56317.00,51.92,48.87,25.43,24.71,-1.92,1.13
56321.00,48.87,51.92,26.46,23.60,1.13,-1.92
56324.00,48.87,51.92,26.46,23.60,1.13,-1.92
56327.00,48.87,51.92,26.46,23.60,1.13,-1.92
56329.00,48.87,51.92,26.46,23.60,1.13,-1.92
56332.00,48.87,51.92,26.46,23.60,1.13,-1.92
56335.00,48.87,51.92,26.46,23.60,1.13,-1.92
56338.00,48.87,51.92,26.46,23.60,1.13,-1.92
56341.00,48.87,51.92,26.46,23.60,1.13,-1.92
56344.00,48.87,51.92,26.46,23.60,1.13,-1.92
56347.00,48.87,51.92,26.46,23.60,1.13,-1.92
56349.00,48.87,51.92,26.46,23.60,1.13,-1.92
56352.00,48.87,51.92,26.46,23.60,1.13,-1.92
56355.00,48.87,51.92,26.46,23.60,1.13,-1.92
56358.00,48.87,51.92,26.46,23.60,1.13,-1.92
56361.00,48.87,51.92,26.46,23.60,1.13,-1.92
56365.00,48.87,51.92,26.46,23.60,1.13,-1.92
56367.00,48.87,51.92,26.46,23.60,1.13,-1.92
56371.00,48.87,48.87,26.57,24.63,1.13,1.13
56373.00,48.87,48.87,26.57,24.63,1.13,1.13
56376.00,48.87,48.87,26.57,24.63,1.13,1.13
56379.00,48.87,48.87,26.57,24.63,1.13,1.13
56382.00,48.87,48.87,26.57,24.63,1.13,1.13
56385.00,48.87,48.87,26.57,24.63,1.13,1.13
56388.00,48.87,48.87,26.57,24.63,1.13,1.13
56391.00,48.87,48.87,26.57,24.63,1.13,1.13
56393.00,48.87,48.87,26.57,24.63,1.13,1.13
56396.00,48.87,48.87,26.57,24.63,1.13,1.13
56399.00,48.87,48.87,26.57,24.63,1.13,1.13
56402.00,48.87,48.87,26.57,24.63,1.13,1.13
56406.00,48.87,48.87,26.57,24.63,1.13,1.13
56409.00,48.87,48.87,26.57,24.63,1.13,1.13
56411.00,48.87,48.87,26.57,24.63,1.13,1.13
56414.00,48.87,48.87,26.57,24.63,1.13,1.13
56417.00,48.87,48.87,26.57,24.63,1.13,1.13
56420.00,48.87,51.92,26.68,23.52,1.13,-1.92
56423.00,48.87,51.92,26.68,23.52,1.13,-1.92
56426.00,48.87,51.92,26.68,23.52,1.13,-1.92
56429.00,48.87,51.92,26.68,23.52,1.13,-1.92
56432.00,48.87,51.92,26.68,23.52,1.13,-1.92
56434.00,48.87,51.92,26.68,23.52,1.13,-1.92
56437.00,48.87,51.92,26.68,23.52,1.13,-1.92
56440.00,48.87,51.92,26.68,23.52,1.13,-1.92
56443.00,48.87,51.92,26.68,23.52,1.13,-1.92
56446.00,48.87,51.92,26.68,23.52,1.13,-1.92
56450.00,48.87,51.92,26.68,23.52,1.13,-1.92
56453.00,48.87,51.92,26.68,23.52,1.13,-1.92
56455.00,48.87,51.92,26.68,23.52,1.13,-1.92
56458.00,48.87,51.92,26.68,23.52,1.13,-1.92
56461.00,48.87,51.92,26.68,23.52,1.13,-1.92
56464.00,48.87,51.92,26.68,23.52,1.13,-1.92
56467.00,48.87,51.92,26.68,23.52,1.13,-1.92
56470.00,54.98,48.87,24.35,24.55,-4.98,1.13
56473.00,54.98,48.87,24.35,24.55,-4.98,1.13
56476.00,54.98,48.87,24.35,24.55,-4.98,1.13
56479.00,54.98,48.87,24.35,24.55,-4.98,1.13
56481.00,54.98,48.87,24.35,24.55,-4.98,1.13
56484.00,54.98,48.87,24.35,24.55,-4.98,1.13
56487.00,54.98,48.87,24.35,24.55,-4.98,1.13
56491.00,54.98,48.87,24.35,24.55,-4.98,1.13
56494.00,54.98,48.87,24.35,24.55,-4.98,1.13
56497.00,54.98,48.87,24.35,24.55,-4.98,1.13
56500.00,54.98,48.87,24.35,24.55,-4.98,1.13
56502.00,54.98,48.87,24.35,24.55,-4.98,1.13
56505.00,54.98,48.87,24.35,24.55,-4.98,1.13
56508.00,54.98,48.87,24.35,24.55,-4.98,1.13
56511.00,54.98,48.87,24.35,24.55,-4.98,1.13
56514.00,54.98,48.87,24.35,24.55,-4.98,1.13
56517.00,54.98,48.87,24.35,24.55,-4.98,1.13
56519.00,54.98,48.87,24.35,24.55,-4.98,1.13
56523.00,49.93,49.93,25.87,24.24,0.07,0.07
56525.00,49.93,49.93,25.87,24.24,0.07,0.07
56528.00,49.93,49.93,25.87,24.24,0.07,0.07
56531.00,49.93,49.93,25.87,24.24,0.07,0.07
56535.00,49.93,49.93,25.87,24.24,0.07,0.07
56538.00,49.93,49.93,25.87,24.24,0.07,0.07
56541.00,49.93,49.93,25.87,24.24,0.07,0.07
56543.00,49.93,49.93,25.87,24.24,0.07,0.07
56546.00,49.93,49.93,25.87,24.24,0.07,0.07
56549.00,49.93,49.93,25.87,24.24,0.07,0.07
56552.00,49.93,49.93,25.87,24.24,0.07,0.07
56555.00,49.93,49.93,25.87,24.24,0.07,0.07
56557.00,49.93,49.93,25.87,24.24,0.07,0.07
56560.00,49.93,49.93,25.87,24.24,0.07,0.07
56563.00,49.93,49.93,25.87,24.24,0.07,0.07
56566.00,49.93,49.93,25.87,24.24,0.07,0.07
56569.00,49.93,49.93,25.87,24.24,0.07,0.07
56572.00,49.93,49.93,25.87,24.24,0.07,0.07
56576.00,46.99,52.86,27.06,23.08,3.01,-2.86
56578.00,46.99,52.86,27.06,23.08,3.01,-2.86