14836.00,0.00,0.00,42.13,34.19,10.00,10.00
14838.00,0.00,0.00,42.13,34.19,10.00,10.00
14841.00,0.00,0.00,42.13,34.19,10.00,10.00
14844.00,0.00,0.00,42.13,34.19,10.00,10.00
14846.00,0.00,0.00,42.13,34.19,10.00,10.00
14850.00,0.00,0.00,42.13,34.19,10.00,10.00
14853.00,0.00,0.00,42.13,34.19,10.00,10.00
14856.00,0.00,0.00,42.13,34.19,10.00,10.00
14858.00,0.00,0.00,42.13,34.19,10.00,10.00
14861.00,0.00,0.00,42.13,34.19,10.00,10.00
14864.00,0.00,0.00,42.13,34.19,10.00,10.00
14866.00,0.00,0.00,42.13,34.19,10.00,10.00
14869.00,0.00,0.00,42.13,34.19,10.00,10.00
14872.00,0.00,0.00,42.13,34.19,10.00,10.00
14874.00,0.00,0.00,42.13,34.19,10.00,10.00
14877.00,15.27,3.05,20.01,40.16,-5.27,6.95
14880.00,15.27,3.05,20.01,40.16,-5.27,6.95
14883.00,15.27,3.05,20.01,40.16,-5.27,6.95
14886.00,15.27,3.05,20.01,40.16,-5.27,6.95
14889.00,15.27,3.05,20.01,40.16,-5.27,6.95
14892.00,15.27,3.05,20.01,40.16,-5.27,6.95
14895.00,15.27,3.05,20.01,40.16,-5.27,6.95
14898.00,15.27,3.05,20.01,40.16,-5.27,6.95
14901.00,15.27,3.05,20.01,40.16,-5.27,6.95
14904.00,15.27,3.05,20.01,40.16,-5.27,6.95
14906.00,15.27,3.05,20.01,40.16,-5.27,6.95
14909.00,15.27,3.05,20.01,40.16,-5.27,6.95
14912.00,15.27,3.05,20.01,40.16,-5.27,6.95
14915.00,15.27,3.05,20.01,40.16,-5.27,6.95
14918.00,15.27,3.05,20.01,40.16,-5.27,6.95
14920.00,15.27,3.05,20.01,40.16,-5.27,6.95
14923.00,15.27,3.05,20.01,40.16,-5.27,6.95
14926.00,15.27,3.05,20.01,40.16,-5.27,6.95
14929.00,9.16,27.49,27.20,-7.01,0.84,-17.49
14932.00,9.16,27.49,27.20,-7.01,0.84,-17.49
14936.00,9.16,27.49,27.20,-7.01,0.84,-17.49
14939.00,9.16,27.49,27.20,-7.01,0.84,-17.49
14941.00,9.16,27.49,27.20,-7.01,0.84,-17.49
14944.00,9.16,27.49,27.20,-7.01,0.84,-17.49
14947.00,9.16,27.49,27.20,-7.01,0.84,-17.49
14950.00,9.16,27.49,27.20,-7.01,0.84,-17.49
14953.00,9.16,27.49,27.20,-7.01,0.84,-17.49
14955.00,9.16,27.49,27.20,-7.01,0.84,-17.49
14958.00,9.16,27.49,27.20,-7.01,0.84,-17.49
14961.00,9.16,27.49,27.20,-7.01,0.84,-17.49
14964.00,9.16,27.49,27.20,-7.01,0.84,-17.49
14967.00,9.16,27.49,27.20,-7.01,0.84,-17.49
14969.00,9.16,27.49,27.20,-7.01,0.84,-17.49
14972.00,9.16,27.49,27.20,-7.01,0.84,-17.49
14976.00,9.16,27.49,27.20,-7.01,0.84,-17.49
14979.00,9.16,9.16,28.29,12.41,0.84,0.84
14982.00,9.16,9.16,28.29,12.41,0.84,0.84
14985.00,9.16,9.16,28.29,12.41,0.84,0.84
14987.00,9.16,9.16,28.29,12.41,0.84,0.84
14990.00,9.16,9.16,28.29,12.41,0.84,0.84
14993.00,9.16,9.16,28.29,12.41,0.84,0.84
14996.00,9.16,9.16,28.29,12.41,0.84,0.84
14998.00,9.16,9.16,28.29,12.41,0.84,0.84
15001.00,9.16,9.16,28.29,12.41,0.84,0.84
15004.00,9.16,9.16,28.29,12.41,0.84,0.84
15007.00,9.16,9.16,28.29,12.41,0.84,0.84
15009.00,9.16,9.16,28.29,12.41,0.84,0.84
15012.00,9.16,9.16,28.29,12.41,0.84,0.84
15015.00,9.16,9.16,28.29,12.41,0.84,0.84
15019.00,9.16,9.16,28.29,12.41,0.84,0.84
15021.00,9.16,9.16,28.29,12.41,0.84,0.84
15024.00,9.16,9.16,28.29,12.41,0.84,0.84
15027.00,9.16,9.16,28.29,12.41,0.84,0.84
15030.00,3.05,0.00,43.43,34.57,6.95,10.00
15032.00,3.05,0.00,43.43,34.57,6.95,10.00
15035.00,3.05,0.00,43.43,34.57,6.95,10.00
15038.00,3.05,0.00,43.43,34.57,6.95,10.00
15041.00,3.05,0.00,43.43,34.57,6.95,10.00
15043.00,3.05,0.00,43.43,34.57,6.95,10.00
15046.00,3.05,0.00,43.43,34.57,6.95,10.00
15049.00,3.05,0.00,43.43,34.57,6.95,10.00
15052.00,3.05,0.00,43.43,34.57,6.95,10.00
15054.00,3.05,0.00,43.43,34.57,6.95,10.00
15057.00,3.05,0.00,43.43,34.57,6.95,10.00
15060.00,3.05,0.00,43.43,34.57,6.95,10.00
15063.00,3.05,0.00,43.43,34.57,6.95,10.00
15066.00,3.05,0.00,43.43,34.57,6.95,10.00
15069.00,3.05,0.00,43.43,34.57,6.95,10.00
15072.00,3.05,0.00,43.43,34.57,6.95,10.00
15074.00,3.05,0.00,43.43,34.57,6.95,10.00
15077.00,3.05,0.00,43.43,34.57,6.95,10.00
15080.00,9.16,15.27,38.41,12.45,0.84,-5.27
15083.00,9.16,15.27,38.41,12.45,0.84,-5.27
15086.00,9.16,15.27,38.41,12.45,0.84,-5.27
15089.00,9.16,15.27,38.41,12.45,0.84,-5.27
15091.00,9.16,15.27,38.41,12.45,0.84,-5.27
15094.00,9.16,15.27,38.41,12.45,0.84,-5.27
15097.00,9.16,15.27,38.41,12.45,0.84,-5.27
15100.00,9.16,15.27,38.41,12.45,0.84,-5.27
15104.00,9.16,15.27,38.41,12.45,0.84,-5.27
15106.00,9.16,15.27,38.41,12.45,0.84,-5.27
15109.00,9.16,15.27,38.41,12.45,0.84,-5.27
15112.00,9.16,15.27,38.41,12.45,0.84,-5.27
15115.00,9.16,15.27,38.41,12.45,0.84,-5.27
15118.00,9.16,15.27,38.41,12.45,0.84,-5.27
15120.00,9.16,15.27,38.41,12.45,0.84,-5.27
15123.00,9.16,15.27,38.41,12.45,0.84,-5.27
15126.00,9.16,15.27,38.41,12.45,0.84,-5.27
15129.00,9.16,15.27,38.41,12.45,0.84,-5.27
15132.00,21.38,12.22,11.40,12.62,-11.38,-2.22
15135.00,21.38,12.22,11.40,12.62,-11.38,-2.22
15138.00,21.38,12.22,11.40,12.62,-11.38,-2.22
15141.00,21.38,12.22,11.40,12.62,-11.38,-2.22
15143.00,21.38,12.22,11.40,12.62,-11.38,-2.22
15147.00,21.38,12.22,11.40,12.62,-11.38,-2.22
15150.00,21.38,12.22,11.40,12.62,-11.38,-2.22
15153.00,21.38,12.22,11.40,12.62,-11.38,-2.22
15156.00,21.38,12.22,11.40,12.62,-11.38,-2.22
15159.00,21.38,12.22,11.40,12.62,-11.38,-2.22
15162.00,21.38,12.22,11.40,12.62,-11.38,-2.22
15165.00,21.38,12.22,11.40,12.62,-11.38,-2.22
15168.00,21.38,12.22,11.40,12.62,-11.38,-2.22
15170.00,21.38,12.22,11.40,12.62,-11.38,-2.22
15173.00,21.38,12.22,11.40,12.62,-11.38,-2.22
15176.00,21.38,12.22,11.40,12.62,-11.38,-2.22
15179.00,21.38,12.22,11.40,12.62,-11.38,-2.22
15182.00,6.11,0.00,31.73,37.84,3.89,10.00
15185.00,6.11,0.00,31.73,37.84,3.89,10.00
15188.00,6.11,0.00,31.73,37.84,3.89,10.00
15191.00,6.11,0.00,31.73,37.84,3.89,10.00
15194.00,6.11,0.00,31.73,37.84,3.89,10.00
15197.00,6.11,0.00,31.73,37.84,3.89,10.00
15200.00,6.11,0.00,31.73,37.84,3.89,10.00
15202.00,6.11,0.00,31.73,37.84,3.89,10.00
15205.00,6.11,0.00,31.73,37.84,3.89,10.00
15208.00,6.11,0.00,31.73,37.84,3.89,10.00
15210.00,6.11,0.00,31.73,37.84,3.89,10.00
15213.00,6.11,0.00,31.73,37.84,3.89,10.00
15216.00,6.11,0.00,31.73,37.84,3.89,10.00
15219.00,6.11,0.00,31.73,37.84,3.89,10.00
15221.00,6.11,0.00,31.73,37.84,3.89,10.00
15224.00,6.11,0.00,31.73,37.84,3.89,10.00
15227.00,6.11,0.00,31.73,37.84,3.89,10.00
15230.00,6.11,0.00,31.73,37.84,3.89,10.00
15234.00,0.00,12.22,50.84,22.74,10.00,-2.22
15236.00,0.00,12.22,50.84,22.74,10.00,-2.22
15239.00,0.00,12.22,50.84,22.74,10.00,-2.22
15242.00,0.00,12.22,50.84,22.74,10.00,-2.22
15245.00,0.00,12.22,50.84,22.74,10.00,-2.22
15247.00,0.00,12.22,50.84,22.74,10.00,-2.22
15250.00,0.00,12.22,50.84,22.74,10.00,-2.22
15253.00,0.00,12.22,50.84,22.74,10.00,-2.22
15256.00,0.00,12.22,50.84,22.74,10.00,-2.22
15259.00,0.00,12.22,50.84,22.74,10.00,-2.22
15261.00,0.00,12.22,50.84,22.74,10.00,-2.22
15264.00,0.00,12.22,50.84,22.74,10.00,-2.22
15267.00,0.00,12.22,50.84,22.74,10.00,-2.22
15270.00,0.00,12.22,50.84,22.74,10.00,-2.22
15273.00,0.00,12.22,50.84,22.74,10.00,-2.22
15276.00,0.00,12.22,50.84,22.74,10.00,-2.22
15279.00,0.00,12.22,50.84,22.74,10.00,-2.22
15282.00,0.00,12.22,50.84,22.74,10.00,-2.22
15285.00,12.22,24.43,35.74,-8.25,-2.22,-14.43
15288.00,12.22,24.43,35.74,-8.25,-2.22,-14.43
15291.00,12.22,24.43,35.74,-8.25,-2.22,-14.43
15294.00,12.22,24.43,35.74,-8.25,-2.22,-14.43
15296.00,12.22,24.43,35.74,-8.25,-2.22,-14.43
15299.00,12.22,24.43,35.74,-8.25,-2.22,-14.43
15302.00,12.22,24.43,35.74,-8.25,-2.22,-14.43
15305.00,12.22,24.43,35.74,-8.25,-2.22,-14.43
15308.00,12.22,24.43,35.74,-8.25,-2.22,-14.43
15311.00,12.22,24.43,35.74,-8.25,-2.22,-14.43
15314.00,12.22,24.43,35.74,-8.25,-2.22,-14.43
15318.00,12.22,24.43,35.74,-8.25,-2.22,-14.43
15321.00,12.22,24.43,35.74,-8.25,-2.22,-14.43
15323.00,12.22,24.43,35.74,-8.25,-2.22,-14.43
15326.00,12.22,24.43,35.74,-8.25,-2.22,-14.43
15329.00,12.22,24.43,35.74,-8.25,-2.22,-14.43
15332.00,12.22,24.43,35.74,-8.25,-2.22,-14.43
15335.00,21.38,-3.05,11.78,36.21,-11.38,13.05
15338.00,21.38,-3.05,11.78,36.21,-11.38,13.05
15341.00,21.38,-3.05,11.78,36.21,-11.38,13.05
15344.00,21.38,-3.05,11.78,36.21,-11.38,13.05
15347.00,21.38,-3.05,11.78,36.21,-11.38,13.05
15350.00,21.38,-3.05,11.78,36.21,-11.38,13.05
15352.00,21.38,-3.05,11.78,36.21,-11.38,13.05
15355.00,21.38,-3.05,11.78,36.21,-11.38,13.05
15358.00,21.38,-3.05,11.78,36.21,-11.38,13.05
15362.00,21.38,-3.05,11.78,36.21,-11.38,13.05
15365.00,21.38,-3.05,11.78,36.21,-11.38,13.05
15368.00,21.38,-3.05,11.78,36.21,-11.38,13.05
15371.00,21.38,-3.05,11.78,36.21,-11.38,13.05
15374.00,21.38,-3.05,11.78,36.21,-11.38,13.05
15377.00,21.38,-3.05,11.78,36.21,-11.38,13.05
15379.00,21.38,-3.05,11.78,36.21,-11.38,13.05
15382.00,21.38,-3.05,11.78,36.21,-11.38,13.05
15385.00,6.11,18.33,32.11,4.01,3.89,-8.33
15388.00,6.11,18.33,32.11,4.01,3.89,-8.33
15391.00,6.11,18.33,32.11,4.01,3.89,-8.33
15394.00,6.11,18.33,32.11,4.01,3.89,-8.33
15397.00,6.11,18.33,32.11,4.01,3.89,-8.33
15399.00,6.11,18.33,32.11,4.01,3.89,-8.33
15403.00,6.11,18.33,32.11,4.01,3.89,-8.33
15406.00,6.11,18.33,32.11,4.01,3.89,-8.33
15409.00,6.11,18.33,32.11,4.01,3.89,-8.33
15411.00,6.11,18.33,32.11,4.01,3.89,-8.33
15414.00,6.11,18.33,32.11,4.01,3.89,-8.33
15417.00,6.11,18.33,32.11,4.01,3.89,-8.33
15420.00,6.11,18.33,32.11,4.01,3.89,-8.33
15423.00,6.11,18.33,32.11,4.01,3.89,-8.33
15425.00,6.11,18.33,32.11,4.01,3.89,-8.33
15428.00,6.11,18.33,32.11,4.01,3.89,-8.33
15431.00,6.11,18.33,32.11,4.01,3.89,-8.33
15434.00,6.11,18.33,32.11,4.01,3.89,-8.33
15437.00,6.11,9.16,37.17,14.26,3.89,0.84
15439.00,6.11,9.16,37.17,14.26,3.89,0.84
15442.00,6.11,9.16,37.17,14.26,3.89,0.84
15446.00,6.11,9.16,37.17,14.26,3.89,0.84
15449.00,6.11,9.16,37.17,14.26,3.89,0.84
15451.00,6.11,9.16,37.17,14.26,3.89,0.84
15454.00,6.11,9.16,37.17,14.26,3.89,0.84
15457.00,6.11,9.16,37.17,14.26,3.89,0.84
15460.00,6.11,9.16,37.17,14.26,3.89,0.84
15462.00,6.11,9.16,37.17,14.26,3.89,0.84
15465.00,6.11,9.16,37.17,14.26,3.89,0.84
15468.00,6.11,9.16,37.17,14.26,3.89,0.84
15471.00,6.11,9.16,37.17,14.26,3.89,0.84
15473.00,6.11,9.16,37.17,14.26,3.89,0.84
15476.00,6.11,9.16,37.17,14.26,3.89,0.84
15479.00,6.11,9.16,37.17,14.26,3.89,0.84
15482.00,6.11,9.16,37.17,14.26,3.89,0.84
15484.00,6.11,9.16,37.17,14.26,3.89,0.84
15488.00,15.27,0.00,21.15,36.42,-5.27,10.00
15491.00,15.27,0.00,21.15,36.42,-5.27,10.00
15494.00,15.27,0.00,21.15,36.42,-5.27,10.00
15497.00,15.27,0.00,21.15,36.42,-5.27,10.00
15500.00,15.27,0.00,21.15,36.42,-5.27,10.00
15502.00,15.27,0.00,21.15,36.42,-5.27,10.00
15505.00,15.27,0.00,21.15,36.42,-5.27,10.00
15508.00,15.27,0.00,21.15,36.42,-5.27,10.00
15511.00,15.27,0.00,21.15,36.42,-5.27,10.00
15513.00,15.27,0.00,21.15,36.42,-5.27,10.00
15516.00,15.27,0.00,21.15,36.42,-5.27,10.00
15519.00,15.27,0.00,21.15,36.42,-5.27,10.00
15522.00,15.27,0.00,21.15,36.42,-5.27,10.00
15525.00,15.27,0.00,21.15,36.42,-5.27,10.00
15527.00,15.27,0.00,21.15,36.42,-5.27,10.00
15531.00,15.27,0.00,21.15,36.42,-5.27,10.00
15534.00,15.27,0.00,21.15,36.42,-5.27,10.00
15537.00,15.27,0.00,21.15,36.42,-5.27,10.00
15540.00,12.22,15.27,21.32,14.30,-2.22,-5.27
15543.00,12.22,15.27,21.32,14.30,-2.22,-5.27
15545.00,12.22,15.27,21.32,14.30,-2.22,-5.27
15548.00,12.22,15.27,21.32,14.30,-2.22,-5.27
15551.00,12.22,15.27,21.32,14.30,-2.22,-5.27
15554.00,12.22,15.27,21.32,14.30,-2.22,-5.27
15557.00,12.22,15.27,21.32,14.30,-2.22,-5.27
15560.00,12.22,15.27,21.32,14.30,-2.22,-5.27
15563.00,12.22,15.27,21.32,14.30,-2.22,-5.27
15565.00,12.22,15.27,21.32,14.30,-2.22,-5.27
15568.00,12.22,15.27,21.32,14.30,-2.22,-5.27
15571.00,12.22,15.27,21.32,14.30,-2.22,-5.27
15575.00,12.22,15.27,21.32,14.30,-2.22,-5.27
15578.00,12.22,15.27,21.32,14.30,-2.22,-5.27
15581.00,12.22,15.27,21.32,14.30,-2.22,-5.27
15584.00,12.22,15.27,21.32,14.30,-2.22,-5.27
15586.00,12.22,15.27,21.32,14.30,-2.22,-5.27
15589.00,0.00,15.27,46.54,7.45,10.00,-5.27
15592.00,0.00,15.27,46.54,7.45,10.00,-5.27
15595.00,0.00,15.27,46.54,7.45,10.00,-5.27
15598.00,0.00,15.27,46.54,7.45,10.00,-5.27
15600.00,0.00,15.27,46.54,7.45,10.00,-5.27
15603.00,0.00,15.27,46.54,7.45,10.00,-5.27
15606.00,0.00,15.27,46.54,7.45,10.00,-5.27
15609.00,0.00,15.27,46.54,7.45,10.00,-5.27
15611.00,0.00,15.27,46.54,7.45,10.00,-5.27
15614.00,0.00,15.27,46.54,7.45,10.00,-5.27
15618.00,0.00,15.27,46.54,7.45,10.00,-5.27
15621.00,0.00,15.27,46.54,7.45,10.00,-5.27
15623.00,0.00,15.27,46.54,7.45,10.00,-5.27
15626.00,0.00,15.27,46.54,7.45,10.00,-5.27
15629.00,0.00,15.27,46.54,7.45,10.00,-5.27
15632.00,0.00,15.27,46.54,7.45,10.00,-5.27
15634.00,0.00,15.27,46.54,7.45,10.00,-5.27
15637.00,0.00,15.27,46.54,7.45,10.00,-5.27
15640.00,9.16,0.00,38.47,35.72,0.84,10.00
15643.00,9.16,0.00,38.47,35.72,0.84,10.00
15646.00,9.16,0.00,38.47,35.72,0.84,10.00
15648.00,9.16,0.00,38.47,35.72,0.84,10.00
15651.00,9.16,0.00,38.47,35.72,0.84,10.00
15654.00,9.16,0.00,38.47,35.72,0.84,10.00
15656.00,9.16,0.00,38.47,35.72,0.84,10.00
15660.00,9.16,0.00,38.47,35.72,0.84,10.00
15663.00,9.16,0.00,38.47,35.72,0.84,10.00
15666.00,9.16,0.00,38.47,35.72,0.84,10.00
15668.00,9.16,0.00,38.47,35.72,0.84,10.00
15671.00,9.16,0.00,38.47,35.72,0.84,10.00
15674.00,9.16,0.00,38.47,35.72,0.84,10.00
15677.00,9.16,0.00,38.47,35.72,0.84,10.00
15679.00,9.16,0.00,38.47,35.72,0.84,10.00
15682.00,9.16,0.00,38.47,35.72,0.84,10.00
15685.00,9.16,0.00,38.47,35.72,0.84,10.00
15687.00,9.16,0.00,38.47,35.72,0.84,10.00
15690.00,18.33,12.22,18.48,20.62,-8.33,-2.22
15693.00,18.33,12.22,18.48,20.62,-8.33,-2.22
15696.00,18.33,12.22,18.48,20.62,-8.33,-2.22
15699.00,18.33,12.22,18.48,20.62,-8.33,-2.22
15703.00,18.33,12.22,18.48,20.62,-8.33,-2.22
15706.00,18.33,12.22,18.48,20.62,-8.33,-2.22
15709.00,18.33,12.22,18.48,20.62,-8.33,-2.22
15712.00,18.33,12.22,18.48,20.62,-8.33,-2.22
15714.00,18.33,12.22,18.48,20.62,-8.33,-2.22
15717.00,18.33,12.22,18.48,20.62,-8.33,-2.22
15720.00,18.33,12.22,18.48,20.62,-8.33,-2.22
15723.00,18.33,12.22,18.48,20.62,-8.33,-2.22
15726.00,18.33,12.22,18.48,20.62,-8.33,-2.22
15729.00,18.33,12.22,18.48,20.62,-8.33,-2.22
15732.00,18.33,12.22,18.48,20.62,-8.33,-2.22
15734.00,18.33,12.22,18.48,20.62,-8.33,-2.22
15737.00,18.33,12.22,18.48,20.62,-8.33,-2.22
15740.00,9.16,18.33,28.73,3.68,0.84,-8.33
15744.00,9.16,18.33,28.73,3.68,0.84,-8.33
15747.00,9.16,18.33,28.73,3.68,0.84,-8.33
15750.00,9.16,18.33,28.73,3.68,0.84,-8.33
15753.00,9.16,18.33,28.73,3.68,0.84,-8.33
15755.00,9.16,18.33,28.73,3.68,0.84,-8.33
15758.00,9.16,18.33,28.73,3.68,0.84,-8.33
15761.00,9.16,18.33,28.73,3.68,0.84,-8.33
15764.00,9.16,18.33,28.73,3.68,0.84,-8.33
15766.00,9.16,18.33,28.73,3.68,0.84,-8.33
15769.00,9.16,18.33,28.73,3.68,0.84,-8.33
15772.00,9.16,18.33,28.73,3.68,0.84,-8.33
15775.00,9.16,18.33,28.73,3.68,0.84,-8.33
15777.00,9.16,18.33,28.73,3.68,0.84,-8.33
15780.00,9.16,18.33,28.73,3.68,0.84,-8.33
15783.00,9.16,18.33,28.73,3.68,0.84,-8.33
15787.00,9.16,18.33,28.73,3.68,0.84,-8.33
15790.00,9.16,18.33,28.73,3.68,0.84,-8.33
15792.00,0.00,6.11,50.89,20.96,10.00,3.89
15795.00,0.00,6.11,50.89,20.96,10.00,3.89
15798.00,0.00,6.11,50.89,20.96,10.00,3.89
15801.00,0.00,6.11,50.89,20.96,10.00,3.89
15803.00,0.00,6.11,50.89,20.96,10.00,3.89
15806.00,0.00,6.11,50.89,20.96,10.00,3.89
15809.00,0.00,6.11,50.89,20.96,10.00,3.89
15812.00,0.00,6.11,50.89,20.96,10.00,3.89
15814.00,0.00,6.11,50.89,20.96,10.00,3.89
15817.00,0.00,6.11,50.89,20.96,10.00,3.89
15820.00,0.00,6.11,50.89,20.96,10.00,3.89
15822.00,0.00,6.11,50.89,20.96,10.00,3.89
15825.00,0.00,6.11,50.89,20.96,10.00,3.89
15828.00,0.00,6.11,50.89,20.96,10.00,3.89
15832.00,0.00,6.11,50.89,20.96,10.00,3.89
15834.00,0.00,6.11,50.89,20.96,10.00,3.89
15837.00,0.00,6.11,50.89,20.96,10.00,3.89
15840.00,0.00,6.11,50.89,20.96,10.00,3.89
15843.00,18.33,0.00,21.74,40.07,-8.33,10.00
15846.00,18.33,0.00,21.74,40.07,-8.33,10.00
15848.00,18.33,0.00,21.74,40.07,-8.33,10.00
15851.00,18.33,0.00,21.74,40.07,-8.33,10.00
15854.00,18.33,0.00,21.74,40.07,-8.33,10.00
15857.00,18.33,0.00,21.74,40.07,-8.33,10.00
15859.00,18.33,0.00,21.74,40.07,-8.33,10.00
15862.00,18.33,0.00,21.74,40.07,-8.33,10.00
15865.00,18.33,0.00,21.74,40.07,-8.33,10.00
15868.00,18.33,0.00,21.74,40.07,-8.33,10.00
15872.00,18.33,0.00,21.74,40.07,-8.33,10.00
15874.00,18.33,0.00,21.74,40.07,-8.33,10.00
15877.00,18.33,0.00,21.74,40.07,-8.33,10.00
15880.00,18.33,0.00,21.74,40.07,-8.33,10.00
15883.00,18.33,0.00,21.74,40.07,-8.33,10.00
15885.00,18.33,0.00,21.74,40.07,-8.33,10.00
15888.00,18.33,0.00,21.74,40.07,-8.33,10.00
15891.00,18.33,0.00,21.74,40.07,-8.33,10.00
15894.00,15.27,18.33,17.94,10.92,-5.27,-8.33
15897.00,15.27,18.33,17.94,10.92,-5.27,-8.33
15900.00,15.27,18.33,17.94,10.92,-5.27,-8.33
15903.00,15.27,18.33,17.94,10.92,-5.27,-8.33
15906.00,15.27,18.33,17.94,10.92,-5.27,-8.33
15908.00,15.27,18.33,17.94,10.92,-5.27,-8.33
15911.00,15.27,18.33,17.94,10.92,-5.27,-8.33
15915.00,15.27,18.33,17.94,10.92,-5.27,-8.33
15918.00,15.27,18.33,17.94,10.92,-5.27,-8.33
15921.00,15.27,18.33,17.94,10.92,-5.27,-8.33
15924.00,15.27,18.33,17.94,10.92,-5.27,-8.33
15927.00,15.27,18.33,17.94,10.92,-5.27,-8.33
15929.00,15.27,18.33,17.94,10.92,-5.27,-8.33
15932.00,15.27,18.33,17.94,10.92,-5.27,-8.33
15935.00,15.27,18.33,17.94,10.92,-5.27,-8.33
15938.00,15.27,18.33,17.94,10.92,-5.27,-8.33
15941.00,15.27,18.33,17.94,10.92,-5.27,-8.33
15944.00,3.05,18.33,39.19,0.10,6.95,-8.33
15947.00,3.05,18.33,39.19,0.10,6.95,-8.33
15950.00,3.05,18.33,39.19,0.10,6.95,-8.33
15952.00,3.05,18.33,39.19,0.10,6.95,-8.33
15955.00,3.05,18.33,39.19,0.10,6.95,-8.33
15959.00,3.05,18.33,39.19,0.10,6.95,-8.33
15962.00,3.05,18.33,39.19,0.10,6.95,-8.33
15964.00,3.05,18.33,39.19,0.10,6.95,-8.33
15967.00,3.05,18.33,39.19,0.10,6.95,-8.33
15970.00,3.05,18.33,39.19,0.10,6.95,-8.33
15973.00,3.05,18.33,39.19,0.10,6.95,-8.33
15975.00,3.05,18.33,39.19,0.10,6.95,-8.33
15978.00,3.05,18.33,39.19,0.10,6.95,-8.33
15981.00,3.05,18.33,39.19,0.10,6.95,-8.33
15984.00,3.05,18.33,39.19,0.10,6.95,-8.33
15986.00,3.05,18.33,39.19,0.10,6.95,-8.33
15989.00,3.05,18.33,39.19,0.10,6.95,-8.33
15992.00,3.05,18.33,39.19,0.10,6.95,-8.33
15995.00,0.00,0.00,55.25,31.42,10.00,10.00
15997.00,0.00,0.00,55.25,31.42,10.00,10.00
16001.00,0.00,0.00,55.25,31.42,10.00,10.00
16004.00,0.00,0.00,55.25,31.42,10.00,10.00
16007.00,0.00,0.00,55.25,31.42,10.00,10.00
16009.00,0.00,0.00,55.25,31.42,10.00,10.00
16012.00,0.00,0.00,55.25,31.42,10.00,10.00
16015.00,0.00,0.00,55.25,31.42,10.00,10.00
16017.00,0.00,0.00,55.25,31.42,10.00,10.00
16020.00,0.00,0.00,55.25,31.42,10.00,10.00
16023.00,0.00,0.00,55.25,31.42,10.00,10.00
16025.00,0.00,0.00,55.25,31.42,10.00,10.00
16028.00,0.00,0.00,55.25,31.42,10.00,10.00
16031.00,0.00,0.00,55.25,31.42,10.00,10.00
16034.00,0.00,0.00,55.25,31.42,10.00,10.00
16036.00,0.00,0.00,55.25,31.42,10.00,10.00
16039.00,0.00,0.00,55.25,31.42,10.00,10.00
16043.00,0.00,0.00,55.25,31.42,10.00,10.00
16046.00,15.27,6.11,33.12,30.37,-5.27,3.89
16049.00,15.27,6.11,33.12,30.37,-5.27,3.89
16051.00,15.27,6.11,33.12,30.37,-5.27,3.89
16054.00,15.27,6.11,33.12,30.37,-5.27,3.89
16057.00,15.27,6.11,33.12,30.37,-5.27,3.89
16060.00,15.27,6.11,33.12,30.37,-5.27,3.89
16063.00,15.27,6.11,33.12,30.37,-5.27,3.89
16065.00,15.27,6.11,33.12,30.37,-5.27,3.89
16068.00,15.27,6.11,33.12,30.37,-5.27,3.89
16071.00,15.27,6.11,33.12,30.37,-5.27,3.89
16074.00,15.27,6.11,33.12,30.37,-5.27,3.89
16077.00,15.27,6.11,33.12,30.37,-5.27,3.89
16079.00,15.27,6.11,33.12,30.37,-5.27,3.89
16082.00,15.27,6.11,33.12,30.37,-5.27,3.89
16086.00,15.27,6.11,33.12,30.37,-5.27,3.89
16089.00,15.27,6.11,33.12,30.37,-5.27,3.89
16092.00,15.27,6.11,33.12,30.37,-5.27,3.89
16095.00,15.27,6.11,33.12,30.37,-5.27,3.89
16098.00,24.43,21.38,5.19,0.31,-14.43,-11.38
16100.00,24.43,21.38,5.19,0.31,-14.43,-11.38
16103.00,24.43,21.38,5.19,0.31,-14.43,-11.38
16106.00,24.43,21.38,5.19,0.31,-14.43,-11.38
16109.00,24.43,21.38,5.19,0.31,-14.43,-11.38
16112.00,24.43,21.38,5.19,0.31,-14.43,-11.38
16115.00,24.43,21.38,5.19,0.31,-14.43,-11.38
16118.00,24.43,21.38,5.19,0.31,-14.43,-11.38
16120.00,24.43,21.38,5.19,0.31,-14.43,-11.38
16123.00,24.43,21.38,5.19,0.31,-14.43,-11.38
16126.00,24.43,21.38,5.19,0.31,-14.43,-11.38
16130.00,24.43,21.38,5.19,0.31,-14.43,-11.38
16133.00,24.43,21.38,5.19,0.31,-14.43,-11.38
16136.00,24.43,21.38,5.19,0.31,-14.43,-11.38
16138.00,24.43,21.38,5.19,0.31,-14.43,-11.38
16141.00,24.43,21.38,5.19,0.31,-14.43,-11.38
16144.00,24.43,21.38,5.19,0.31,-14.43,-11.38
16147.00,6.11,9.16,28.58,13.61,3.89,0.84
16150.00,6.11,9.16,28.58,13.61,3.89,0.84
16153.00,6.11,9.16,28.58,13.61,3.89,0.84
16156.00,6.11,9.16,28.58,13.61,3.89,0.84
16158.00,6.11,9.16,28.58,13.61,3.89,0.84
16161.00,6.11,9.16,28.58,13.61,3.89,0.84
16164.00,6.11,9.16,28.58,13.61,3.89,0.84
16167.00,6.11,9.16,28.58,13.61,3.89,0.84
16169.00,6.11,9.16,28.58,13.61,3.89,0.84
16173.00,6.11,9.16,28.58,13.61,3.89,0.84
16176.00,6.11,9.16,28.58,13.61,3.89,0.84
16179.00,6.11,9.16,28.58,13.61,3.89,0.84
16181.00,6.11,9.16,28.58,13.61,3.89,0.84
16184.00,6.11,9.16,28.58,13.61,3.89,0.84
16187.00,6.11,9.16,28.58,13.61,3.89,0.84
16190.00,6.11,9.16,28.58,13.61,3.89,0.84
16192.00,6.11,9.16,28.58,13.61,3.89,0.84
16195.00,6.11,9.16,28.58,13.61,3.89,0.84
16198.00,3.05,0.00,40.66,35.77,6.95,10.00
16201.00,3.05,0.00,40.66,35.77,6.95,10.00
16203.00,3.05,0.00,40.66,35.77,6.95,10.00
16206.00,3.05,0.00,40.66,35.77,6.95,10.00
16209.00,3.05,0.00,40.66,35.77,6.95,10.00
16212.00,3.05,0.00,40.66,35.77,6.95,10.00
16215.00,3.05,0.00,40.66,35.77,6.95,10.00
16218.00,3.05,0.00,40.66,35.77,6.95,10.00
16221.00,3.05,0.00,40.66,35.77,6.95,10.00
16223.00,3.05,0.00,40.66,35.77,6.95,10.00
16226.00,3.05,0.00,40.66,35.77,6.95,10.00
16229.00,3.05,0.00,40.66,35.77,6.95,10.00
16232.00,3.05,0.00,40.66,35.77,6.95,10.00
16234.00,3.05,0.00,40.66,35.77,6.95,10.00
16237.00,3.05,0.00,40.66,35.77,6.95,10.00
16240.00,3.05,0.00,40.66,35.77,6.95,10.00
16243.00,3.05,0.00,40.66,35.77,6.95,10.00
16245.00,3.05,0.00,40.66,35.77,6.95,10.00
16248.00,18.33,12.22,14.57,20.67,-8.33,-2.22
16251.00,18.33,12.22,14.57,20.67,-8.33,-2.22
16254.00,18.33,12.22,14.57,20.67,-8.33,-2.22
16258.00,18.33,12.22,14.57,20.67,-8.33,-2.22
16261.00,18.33,12.22,14.57,20.67,-8.33,-2.22
16264.00,18.33,12.22,14.57,20.67,-8.33,-2.22
16266.00,18.33,12.22,14.57,20.67,-8.33,-2.22
16269.00,18.33,12.22,14.57,20.67,-8.33,-2.22
16272.00,18.33,12.22,14.57,20.67,-8.33,-2.22
16275.00,18.33,12.22,14.57,20.67,-8.33,-2.22
16278.00,18.33,12.22,14.57,20.67,-8.33,-2.22
16281.00,18.33,12.22,14.57,20.67,-8.33,-2.22
16284.00,18.33,12.22,14.57,20.67,-8.33,-2.22
16287.00,18.33,12.22,14.57,20.67,-8.33,-2.22
16289.00,18.33,12.22,14.57,20.67,-8.33,-2.22
16292.00,18.33,12.22,14.57,20.67,-8.33,-2.22
16295.00,18.33,12.22,14.57,20.67,-8.33,-2.22
16299.00,6.11,18.33,31.84,3.74,3.89,-8.33
16302.00,6.11,18.33,31.84,3.74,3.89,-8.33
16305.00,6.11,18.33,31.84,3.74,3.89,-8.33
16308.00,6.11,18.33,31.84,3.74,3.89,-8.33
16310.00,6.11,18.33,31.84,3.74,3.89,-8.33
16313.00,6.11,18.33,31.84,3.74,3.89,-8.33
16316.00,6.11,18.33,31.84,3.74,3.89,-8.33
16319.00,6.11,18.33,31.84,3.74,3.89,-8.33
16321.00,6.11,18.33,31.84,3.74,3.89,-8.33
16324.00,6.11,18.33,31.84,3.74,3.89,-8.33
16327.00,6.11,18.33,31.84,3.74,3.89,-8.33
16330.00,6.11,18.33,31.84,3.74,3.89,-8.33
16332.00,6.11,18.33,31.84,3.74,3.89,-8.33
16335.00,6.11,18.33,31.84,3.74,3.89,-8.33
16338.00,6.11,18.33,31.84,3.74,3.89,-8.33
16342.00,6.11,18.33,31.84,3.74,3.89,-8.33
16345.00,6.11,18.33,31.84,3.74,3.89,-8.33
16347.00,6.11,18.33,31.84,3.74,3.89,-8.33
16350.00,0.00,0.00,50.95,35.07,10.00,10.00
16353.00,0.00,0.00,50.95,35.07,10.00,10.00
16356.00,0.00,0.00,50.95,35.07,10.00,10.00
16358.00,0.00,0.00,50.95,35.07,10.00,10.00
16361.00,0.00,0.00,50.95,35.07,10.00,10.00
16364.00,0.00,0.00,50.95,35.07,10.00,10.00
16366.00,0.00,0.00,50.95,35.07,10.00,10.00
16369.00,0.00,0.00,50.95,35.07,10.00,10.00
16372.00,0.00,0.00,50.95,35.07,10.00,10.00
16374.00,0.00,0.00,50.95,35.07,10.00,10.00
16377.00,0.00,0.00,50.95,35.07,10.00,10.00
16380.00,0.00,0.00,50.95,35.07,10.00,10.00
16384.00,0.00,0.00,50.95,35.07,10.00,10.00
16386.00,0.00,0.00,50.95,35.07,10.00,10.00
16389.00,0.00,0.00,50.95,35.07,10.00,10.00
16392.00,0.00,0.00,50.95,35.07,10.00,10.00
16394.00,0.00,0.00,50.95,35.07,10.00,10.00
16397.00,0.00,0.00,50.95,35.07,10.00,10.00
16400.00,9.16,15.27,42.88,12.94,0.84,-5.27
16403.00,9.16,15.27,42.88,12.94,0.84,-5.27
16406.00,9.16,15.27,42.88,12.94,0.84,-5.27
16408.00,9.16,15.27,42.88,12.94,0.84,-5.27
16411.00,9.16,15.27,42.88,12.94,0.84,-5.27
16414.00,9.16,15.27,42.88,12.94,0.84,-5.27
16417.00,9.16,15.27,42.88,12.94,0.84,-5.27
16420.00,9.16,15.27,42.88,12.94,0.84,-5.27
16423.00,9.16,15.27,42.88,12.94,0.84,-5.27
16425.00,9.16,15.27,42.88,12.94,0.84,-5.27
16429.00,9.16,15.27,42.88,12.94,0.84,-5.27
16432.00,9.16,15.27,42.88,12.94,0.84,-5.27
16435.00,9.16,15.27,42.88,12.94,0.84,-5.27
16438.00,9.16,15.27,42.88,12.94,0.84,-5.27
16440.00,9.16,15.27,42.88,12.94,0.84,-5.27
16443.00,9.16,15.27,42.88,12.94,0.84,-5.27
16446.00,9.16,15.27,42.88,12.94,0.84,-5.27
16449.00,9.16,15.27,42.88,12.94,0.84,-5.27
16452.00,24.43,15.27,8.84,6.09,-14.43,-5.27
16455.00,24.43,15.27,8.84,6.09,-14.43,-5.27
16457.00,24.43,15.27,8.84,6.09,-14.43,-5.27
16460.00,24.43,15.27,8.84,6.09,-14.43,-5.27
16463.00,24.43,15.27,8.84,6.09,-14.43,-5.27
16466.00,24.43,15.27,8.84,6.09,-14.43,-5.27
16470.00,24.43,15.27,8.84,6.09,-14.43,-5.27
16472.00,24.43,15.27,8.84,6.09,-14.43,-5.27
16475.00,24.43,15.27,8.84,6.09,-14.43,-5.27
16478.00,24.43,15.27,8.84,6.09,-14.43,-5.27
16481.00,24.43,15.27,8.84,6.09,-14.43,-5.27
16484.00,24.43,15.27,8.84,6.09,-14.43,-5.27
16487.00,24.43,15.27,8.84,6.09,-14.43,-5.27
16489.00,24.43,15.27,8.84,6.09,-14.43,-5.27
16492.00,24.43,15.27,8.84,6.09,-14.43,-5.27
16495.00,24.43,15.27,8.84,6.09,-14.43,-5.27
16498.00,24.43,15.27,8.84,6.09,-14.43,-5.27
16501.00,24.43,15.27,8.84,6.09,-14.43,-5.27
16504.00,9.16,0.00,25.20,34.36,0.84,10.00
16506.00,9.16,0.00,25.20,34.36,0.84,10.00
16509.00,9.16,0.00,25.20,34.36,0.84,10.00
16513.00,9.16,0.00,25.20,34.36,0.84,10.00
16515.00,9.16,0.00,25.20,34.36,0.84,10.00
16518.00,9.16,0.00,25.20,34.36,0.84,10.00
16521.00,9.16,0.00,25.20,34.36,0.84,10.00
16524.00,9.16,0.00,25.20,34.36,0.84,10.00
16526.00,9.16,0.00,25.20,34.36,0.84,10.00
16529.00,9.16,0.00,25.20,34.36,0.84,10.00
16532.00,9.16,0.00,25.20,34.36,0.84,10.00
16534.00,9.16,0.00,25.20,34.36,0.84,10.00
16537.00,9.16,0.00,25.20,34.36,0.84,10.00
16540.00,9.16,0.00,25.20,34.36,0.84,10.00
16543.00,9.16,0.00,25.20,34.36,0.84,10.00
16545.00,9.16,0.00,25.20,34.36,0.84,10.00
16548.00,9.16,0.00,25.20,34.36,0.84,10.00
16551.00,9.16,0.00,25.20,34.36,0.84,10.00
16555.00,0.00,9.16,47.36,26.29,10.00,0.84
16557.00,0.00,9.16,47.36,26.29,10.00,0.84
16560.00,0.00,9.16,47.36,26.29,10.00,0.84
16563.00,0.00,9.16,47.36,26.29,10.00,0.84
16566.00,0.00,9.16,47.36,26.29,10.00,0.84
16568.00,0.00,9.16,47.36,26.29,10.00,0.84
16571.00,0.00,9.16,47.36,26.29,10.00,0.84
16574.00,0.00,9.16,47.36,26.29,10.00,0.84
16576.00,0.00,9.16,47.36,26.29,10.00,0.84
16579.00,0.00,9.16,47.36,26.29,10.00,0.84
16582.00,0.00,9.16,47.36,26.29,10.00,0.84
16585.00,0.00,9.16,47.36,26.29,10.00,0.84
16587.00,0.00,9.16,47.36,26.29,10.00,0.84
16590.00,0.00,9.16,47.36,26.29,10.00,0.84
16593.00,0.00,9.16,47.36,26.29,10.00,0.84
16596.00,0.00,9.16,47.36,26.29,10.00,0.84
16599.00,0.00,9.16,47.36,26.29,10.00,0.84
16602.00,0.00,9.16,47.36,26.29,10.00,0.84
16605.00,15.27,24.43,25.24,-7.75,-5.27,-14.43
16608.00,15.27,24.43,25.24,-7.75,-5.27,-14.43
16611.00,15.27,24.43,25.24,-7.75,-5.27,-14.43
16614.00,15.27,24.43,25.24,-7.75,-5.27,-14.43
16617.00,15.27,24.43,25.24,-7.75,-5.27,-14.43
16619.00,15.27,24.43,25.24,-7.75,-5.27,-14.43
16622.00,15.27,24.43,25.24,-7.75,-5.27,-14.43
16625.00,15.27,24.43,25.24,-7.75,-5.27,-14.43
16628.00,15.27,24.43,25.24,-7.75,-5.27,-14.43
16631.00,15.27,24.43,25.24,-7.75,-5.27,-14.43
16634.00,15.27,24.43,25.24,-7.75,-5.27,-14.43
16637.00,15.27,24.43,25.24,-7.75,-5.27,-14.43
16641.00,15.27,24.43,25.24,-7.75,-5.27,-14.43
16643.00,15.27,24.43,25.24,-7.75,-5.27,-14.43
16646.00,15.27,24.43,25.24,-7.75,-5.27,-14.43
16649.00,15.27,24.43,25.24,-7.75,-5.27,-14.43
16652.00,15.27,24.43,25.24,-7.75,-5.27,-14.43
16655.00,15.27,3.05,18.38,22.66,-5.27,6.95
16658.00,15.27,3.05,18.38,22.66,-5.27,6.95
16661.00,15.27,3.05,18.38,22.66,-5.27,6.95
16664.00,15.27,3.05,18.38,22.66,-5.27,6.95
16666.00,15.27,3.05,18.38,22.66,-5.27,6.95
16669.00,15.27,3.05,18.38,22.66,-5.27,6.95
16672.00,15.27,3.05,18.38,22.66,-5.27,6.95
16675.00,15.27,3.05,18.38,22.66,-5.27,6.95
16678.00,15.27,3.05,18.38,22.66,-5.27,6.95
16680.00,15.27,3.05,18.38,22.66,-5.27,6.95
16684.00,15.27,3.05,18.38,22.66,-5.27,6.95
16687.00,15.27,3.05,18.38,22.66,-5.27,6.95
16690.00,15.27,3.05,18.38,22.66,-5.27,6.95
16692.00,15.27,3.05,18.38,22.66,-5.27,6.95
16695.00,15.27,3.05,18.38,22.66,-5.27,6.95
16698.00,15.27,3.05,18.38,22.66,-5.27,6.95
16701.00,15.27,3.05,18.38,22.66,-5.27,6.95
16704.00,15.27,3.05,18.38,22.66,-5.27,6.95
16707.00,3.05,0.00,39.63,38.71,6.95,10.00
16709.00,3.05,0.00,39.63,38.71,6.95,10.00
16712.00,3.05,0.00,39.63,38.71,6.95,10.00
16715.00,3.05,0.00,39.63,38.71,6.95,10.00
16718.00,3.05,0.00,39.63,38.71,6.95,10.00
16720.00,3.05,0.00,39.63,38.71,6.95,10.00
16723.00,3.05,0.00,39.63,38.71,6.95,10.00
16727.00,3.05,0.00,39.63,38.71,6.95,10.00
16729.00,3.05,0.00,39.63,38.71,6.95,10.00
16732.00,3.05,0.00,39.63,38.71,6.95,10.00
16735.00,3.05,0.00,39.63,38.71,6.95,10.00
16738.00,3.05,0.00,39.63,38.71,6.95,10.00
16740.00,3.05,0.00,39.63,38.71,6.95,10.00
16743.00,3.05,0.00,39.63,38.71,6.95,10.00
16746.00,3.05,0.00,39.63,38.71,6.95,10.00
16748.00,3.05,0.00,39.63,38.71,6.95,10.00
16751.00,3.05,0.00,39.63,38.71,6.95,10.00
16754.00,3.05,0.00,39.63,38.71,6.95,10.00
16757.00,9.16,12.22,34.61,23.61,0.84,-2.22
16760.00,9.16,12.22,34.61,23.61,0.84,-2.22
16763.00,9.16,12.22,34.61,23.61,0.84,-2.22
16765.00,9.16,12.22,34.61,23.61,0.84,-2.22
16769.00,9.16,12.22,34.61,23.61,0.84,-2.22
16772.00,9.16,12.22,34.61,23.61,0.84,-2.22
16775.00,9.16,12.22,34.61,23.61,0.84,-2.22
16778.00,9.16,12.22,34.61,23.61,0.84,-2.22
16780.00,9.16,12.22,34.61,23.61,0.84,-2.22
16783.00,9.16,12.22,34.61,23.61,0.84,-2.22
16786.00,9.16,12.22,34.61,23.61,0.84,-2.22
16789.00,9.16,12.22,34.61,23.61,0.84,-2.22
16792.00,9.16,12.22,34.61,23.61,0.84,-2.22
16795.00,9.16,12.22,34.61,23.61,0.84,-2.22
16797.00,9.16,12.22,34.61,23.61,0.84,-2.22
16800.00,9.16,12.22,34.61,23.61,0.84,-2.22
16803.00,9.16,12.22,34.61,23.61,0.84,-2.22
16806.00,9.16,12.22,34.61,23.61,0.84,-2.22
16809.00,18.33,21.38,14.62,-0.34,-8.33,-11.38
16813.00,18.33,21.38,14.62,-0.34,-8.33,-11.38
16816.00,18.33,21.38,14.62,-0.34,-8.33,-11.38
16818.00,18.33,21.38,14.62,-0.34,-8.33,-11.38
16821.00,18.33,21.38,14.62,-0.34,-8.33,-11.38
16824.00,18.33,21.38,14.62,-0.34,-8.33,-11.38
16827.00,18.33,21.38,14.62,-0.34,-8.33,-11.38
16830.00,18.33,21.38,14.62,-0.34,-8.33,-11.38
16833.00,18.33,21.38,14.62,-0.34,-8.33,-11.38
16836.00,18.33,21.38,14.62,-0.34,-8.33,-11.38
16839.00,18.33,21.38,14.62,-0.34,-8.33,-11.38
16841.00,18.33,21.38,14.62,-0.34,-8.33,-11.38
16844.00,18.33,21.38,14.62,-0.34,-8.33,-11.38
16847.00,18.33,21.38,14.62,-0.34,-8.33,-11.38
16850.00,18.33,21.38,14.62,-0.34,-8.33,-11.38
16854.00,18.33,21.38,14.62,-0.34,-8.33,-11.38
16857.00,18.33,21.38,14.62,-0.34,-8.33,-11.38
16860.00,6.11,3.05,31.90,27.01,3.89,6.95
16863.00,6.11,3.05,31.90,27.01,3.89,6.95
16865.00,6.11,3.05,31.90,27.01,3.89,6.95
16868.00,6.11,3.05,31.90,27.01,3.89,6.95
16871.00,6.11,3.05,31.90,27.01,3.89,6.95
16873.00,6.11,3.05,31.90,27.01,3.89,6.95
16876.00,6.11,3.05,31.90,27.01,3.89,6.95
16879.00,6.11,3.05,31.90,27.01,3.89,6.95
16882.00,6.11,3.05,31.90,27.01,3.89,6.95
16884.00,6.11,3.05,31.90,27.01,3.89,6.95
16887.00,6.11,3.05,31.90,27.01,3.89,6.95
16890.00,6.11,3.05,31.90,27.01,3.89,6.95
16893.00,6.11,3.05,31.90,27.01,3.89,6.95
16896.00,6.11,3.05,31.90,27.01,3.89,6.95
16899.00,6.11,3.05,31.90,27.01,3.89,6.95
16902.00,6.11,3.05,31.90,27.01,3.89,6.95
16905.00,6.11,3.05,31.90,27.01,3.89,6.95
16907.00,6.11,3.05,31.90,27.01,3.89,6.95
16910.00,0.00,0.00,51.01,43.07,10.00,10.00
16913.00,0.00,0.00,51.01,43.07,10.00,10.00
16916.00,0.00,0.00,51.01,43.07,10.00,10.00
16918.00,0.00,0.00,51.01,43.07,10.00,10.00
16921.00,0.00,0.00,51.01,43.07,10.00,10.00
16924.00,0.00,0.00,51.01,43.07,10.00,10.00
16926.00,0.00,0.00,51.01,43.07,10.00,10.00
16929.00,0.00,0.00,51.01,43.07,10.00,10.00
16932.00,0.00,0.00,51.01,43.07,10.00,10.00
16934.00,0.00,0.00,51.01,43.07,10.00,10.00
16937.00,0.00,0.00,51.01,43.07,10.00,10.00
16941.00,0.00,0.00,51.01,43.07,10.00,10.00
16943.00,0.00,0.00,51.01,43.07,10.00,10.00
16946.00,0.00,0.00,51.01,43.07,10.00,10.00
16949.00,0.00,0.00,51.01,43.07,10.00,10.00
16952.00,0.00,0.00,51.01,43.07,10.00,10.00
16954.00,0.00,0.00,51.01,43.07,10.00,10.00
16957.00,0.00,0.00,51.01,43.07,10.00,10.00
16960.00,12.22,21.38,35.91,6.89,-2.22,-11.38
16963.00,12.22,21.38,35.91,6.89,-2.22,-11.38
16966.00,12.22,21.38,35.91,6.89,-2.22,-11.38
16969.00,12.22,21.38,35.91,6.89,-2.22,-11.38
16971.00,12.22,21.38,35.91,6.89,-2.22,-11.38
16974.00,12.22,21.38,35.91,6.89,-2.22,-11.38
16977.00,12.22,21.38,35.91,6.89,-2.22,-11.38
16980.00,12.22,21.38,35.91,6.89,-2.22,-11.38
16984.00,12.22,21.38,35.91,6.89,-2.22,-11.38
16987.00,12.22,21.38,35.91,6.89,-2.22,-11.38
16990.00,12.22,21.38,35.91,6.89,-2.22,-11.38
16992.00,12.22,21.38,35.91,6.89,-2.22,-11.38
16995.00,12.22,21.38,35.91,6.89,-2.22,-11.38
16998.00,12.22,21.38,35.91,6.89,-2.22,-11.38
17001.00,12.22,21.38,35.91,6.89,-2.22,-11.38
17004.00,12.22,21.38,35.91,6.89,-2.22,-11.38
17007.00,12.22,21.38,35.91,6.89,-2.22,-11.38
17010.00,12.22,21.38,35.91,6.89,-2.22,-11.38
17013.00,21.38,15.27,11.95,6.15,-11.38,-5.27
17016.00,21.38,15.27,11.95,6.15,-11.38,-5.27
17018.00,21.38,15.27,11.95,6.15,-11.38,-5.27
17021.00,21.38,15.27,11.95,6.15,-11.38,-5.27
17025.00,21.38,15.27,11.95,6.15,-11.38,-5.27
17028.00,21.38,15.27,11.95,6.15,-11.38,-5.27
17031.00,21.38,15.27,11.95,6.15,-11.38,-5.27
17034.00,21.38,15.27,11.95,6.15,-11.38,-5.27
17037.00,21.38,15.27,11.95,6.15,-11.38,-5.27
17039.00,21.38,15.27,11.95,6.15,-11.38,-5.27
17042.00,21.38,15.27,11.95,6.15,-11.38,-5.27
17045.00,21.38,15.27,11.95,6.15,-11.38,-5.27
17048.00,21.38,15.27,11.95,6.15,-11.38,-5.27
17051.00,21.38,15.27,11.95,6.15,-11.38,-5.27
17054.00,21.38,15.27,11.95,6.15,-11.38,-5.27
17056.00,21.38,15.27,11.95,6.15,-11.38,-5.27
17059.00,21.38,15.27,11.95,6.15,-11.38,-5.27
17062.00,6.11,0.00,32.28,34.42,3.89,10.00
17065.00,6.11,0.00,32.28,34.42,3.89,10.00
17069.00,6.11,0.00,32.28,34.42,3.89,10.00
17072.00,6.11,0.00,32.28,34.42,3.89,10.00
17074.00,6.11,0.00,32.28,34.42,3.89,10.00
17077.00,6.11,0.00,32.28,34.42,3.89,10.00
17080.00,6.11,0.00,32.28,34.42,3.89,10.00
17082.00,6.11,0.00,32.28,34.42,3.89,10.00
17085.00,6.11,0.00,32.28,34.42,3.89,10.00
17088.00,6.11,0.00,32.28,34.42,3.89,10.00
17091.00,6.11,0.00,32.28,34.42,3.89,10.00
17093.00,6.11,0.00,32.28,34.42,3.89,10.00
17096.00,6.11,0.00,32.28,34.42,3.89,10.00
17099.00,6.11,0.00,32.28,34.42,3.89,10.00
17102.00,6.11,0.00,32.28,34.42,3.89,10.00
17104.00,6.11,0.00,32.28,34.42,3.89,10.00
17107.00,6.11,0.00,32.28,34.42,3.89,10.00
17111.00,6.11,0.00,32.28,34.42,3.89,10.00
17114.00,6.11,9.16,37.34,26.34,3.89,0.84
17117.00,6.11,9.16,37.34,26.34,3.89,0.84
17119.00,6.11,9.16,37.34,26.34,3.89,0.84
17122.00,6.11,9.16,37.34,26.34,3.89,0.84
17125.00,6.11,9.16,37.34,26.34,3.89,0.84
17128.00,6.11,9.16,37.34,26.34,3.89,0.84
17130.00,6.11,9.16,37.34,26.34,3.89,0.84
17133.00,6.11,9.16,37.34,26.34,3.89,0.84
17136.00,6.11,9.16,37.34,26.34,3.89,0.84
17139.00,6.11,9.16,37.34,26.34,3.89,0.84
17141.00,6.11,9.16,37.34,26.34,3.89,0.84
17144.00,6.11,9.16,37.34,26.34,3.89,0.84
17147.00,6.11,9.16,37.34,26.34,3.89,0.84
17150.00,6.11,9.16,37.34,26.34,3.89,0.84
17153.00,6.11,9.16,37.34,26.34,3.89,0.84
17156.00,6.11,9.16,37.34,26.34,3.89,0.84
17159.00,6.11,9.16,37.34,26.34,3.89,0.84
17162.00,6.11,9.16,37.34,26.34,3.89,0.84
17165.00,18.33,24.43,14.30,-7.69,-8.33,-14.43
17167.00,18.33,24.43,14.30,-7.69,-8.33,-14.43
17170.00,18.33,24.43,14.30,-7.69,-8.33,-14.43
17173.00,18.33,24.43,14.30,-7.69,-8.33,-14.43
17176.00,18.33,24.43,14.30,-7.69,-8.33,-14.43
17179.00,18.33,24.43,14.30,-7.69,-8.33,-14.43
17182.00,18.33,24.43,14.30,-7.69,-8.33,-14.43
17185.00,18.33,24.43,14.30,-7.69,-8.33,-14.43
17188.00,18.33,24.43,14.30,-7.69,-8.33,-14.43
17190.00,18.33,24.43,14.30,-7.69,-8.33,-14.43
17193.00,18.33,24.43,14.30,-7.69,-8.33,-14.43
17197.00,18.33,24.43,14.30,-7.69,-8.33,-14.43
17200.00,18.33,24.43,14.30,-7.69,-8.33,-14.43
17203.00,18.33,24.43,14.30,-7.69,-8.33,-14.43
17206.00,18.33,24.43,14.30,-7.69,-8.33,-14.43
17209.00,18.33,24.43,14.30,-7.69,-8.33,-14.43
17211.00,18.33,24.43,14.30,-7.69,-8.33,-14.43
17215.00,6.11,3.05,31.58,22.72,3.89,6.95
17217.00,6.11,3.05,31.58,22.72,3.89,6.95
17220.00,6.11,3.05,31.58,22.72,3.89,6.95
17223.00,6.11,3.05,31.58,22.72,3.89,6.95
17226.00,6.11,3.05,31.58,22.72,3.89,6.95
17228.00,6.11,3.05,31.58,22.72,3.89,6.95
17231.00,6.11,3.05,31.58,22.72,3.89,6.95
17234.00,6.11,3.05,31.58,22.72,3.89,6.95
17238.00,6.11,3.05,31.58,22.72,3.89,6.95
17240.00,6.11,3.05,31.58,22.72,3.89,6.95
17243.00,6.11,3.05,31.58,22.72,3.89,6.95
17246.00,6.11,3.05,31.58,22.72,3.89,6.95
17249.00,6.11,3.05,31.58,22.72,3.89,6.95
17251.00,6.11,3.05,31.58,22.72,3.89,6.95
17254.00,6.11,3.05,31.58,22.72,3.89,6.95
17257.00,6.11,3.05,31.58,22.72,3.89,6.95
17260.00,6.11,3.05,31.58,22.72,3.89,6.95
17262.00,6.11,3.05,31.58,22.72,3.89,6.95
17265.00,3.05,0.00,43.66,38.77,6.95,10.00
17268.00,3.05,0.00,43.66,38.77,6.95,10.00
17271.00,3.05,0.00,43.66,38.77,6.95,10.00
17273.00,3.05,0.00,43.66,38.77,6.95,10.00
17276.00,3.05,0.00,43.66,38.77,6.95,10.00
17280.00,3.05,0.00,43.66,38.77,6.95,10.00
17283.00,3.05,0.00,43.66,38.77,6.95,10.00
17285.00,3.05,0.00,43.66,38.77,6.95,10.00
17288.00,3.05,0.00,43.66,38.77,6.95,10.00
17291.00,3.05,0.00,43.66,38.77,6.95,10.00
17293.00,3.05,0.00,43.66,38.77,6.95,10.00
17296.00,3.05,0.00,43.66,38.77,6.95,10.00
17299.00,3.05,0.00,43.66,38.77,6.95,10.00
17302.00,3.05,0.00,43.66,38.77,6.95,10.00
17304.00,3.05,0.00,43.66,38.77,6.95,10.00
17307.00,3.05,0.00,43.66,38.77,6.95,10.00
17310.00,3.05,0.00,43.66,38.77,6.95,10.00
17313.00,3.05,0.00,43.66,38.77,6.95,10.00
17316.00,6.11,12.22,45.66,23.67,3.89,-2.22
17318.00,6.11,12.22,45.66,23.67,3.89,-2.22
17321.00,6.11,12.22,45.66,23.67,3.89,-2.22
17325.00,6.11,12.22,45.66,23.67,3.89,-2.22
17328.00,6.11,12.22,45.66,23.67,3.89,-2.22
17331.00,6.11,12.22,45.66,23.67,3.89,-2.22
17333.00,6.11,12.22,45.66,23.67,3.89,-2.22
17336.00,6.11,12.22,45.66,23.67,3.89,-2.22
17339.00,6.11,12.22,45.66,23.67,3.89,-2.22
17342.00,6.11,12.22,45.66,23.67,3.89,-2.22
17345.00,6.11,12.22,45.66,23.67,3.89,-2.22
17347.00,6.11,12.22,45.66,23.67,3.89,-2.22
17350.00,6.11,12.22,45.66,23.67,3.89,-2.22
17353.00,6.11,12.22,45.66,23.67,3.89,-2.22
17356.00,6.11,12.22,45.66,23.67,3.89,-2.22
17359.00,6.11,12.22,45.66,23.67,3.89,-2.22
17362.00,6.11,12.22,45.66,23.67,3.89,-2.22
17364.00,6.11,12.22,45.66,23.67,3.89,-2.22
17368.00,21.38,24.43,15.60,-7.31,-11.38,-14.43
17371.00,21.38,24.43,15.60,-7.31,-11.38,-14.43
17374.00,21.38,24.43,15.60,-7.31,-11.38,-14.43
17377.00,21.38,24.43,15.60,-7.31,-11.38,-14.43
17380.00,21.38,24.43,15.60,-7.31,-11.38,-14.43
17383.00,21.38,24.43,15.60,-7.31,-11.38,-14.43
17386.00,21.38,24.43,15.60,-7.31,-11.38,-14.43
17389.00,21.38,24.43,15.60,-7.31,-11.38,-14.43
17392.00,21.38,24.43,15.60,-7.31,-11.38,-14.43
17395.00,21.38,24.43,15.60,-7.31,-11.38,-14.43
17397.00,21.38,24.43,15.60,-7.31,-11.38,-14.43
17400.00,21.38,24.43,15.60,-7.31,-11.38,-14.43
17403.00,21.38,24.43,15.60,-7.31,-11.38,-14.43
17406.00,21.38,24.43,15.60,-7.31,-11.38,-14.43
17410.00,21.38,24.43,15.60,-7.31,-11.38,-14.43
17413.00,21.38,24.43,15.60,-7.31,-11.38,-14.43
17416.00,21.38,24.43,15.60,-7.31,-11.38,-14.43
17419.00,9.16,-3.05,28.90,37.15,0.84,13.05
17422.00,9.16,-3.05,28.90,37.15,0.84,13.05
17425.00,9.16,-3.05,28.90,37.15,0.84,13.05
17427.00,9.16,-3.05,28.90,37.15,0.84,13.05
17430.00,9.16,-3.05,28.90,37.15,0.84,13.05
17433.00,9.16,-3.05,28.90,37.15,0.84,13.05
17436.00,9.16,-3.05,28.90,37.15,0.84,13.05
17439.00,9.16,-3.05,28.90,37.15,0.84,13.05
17441.00,9.16,-3.05,28.90,37.15,0.84,13.05
17444.00,9.16,-3.05,28.90,37.15,0.84,13.05
17447.00,9.16,-3.05,28.90,37.15,0.84,13.05
17451.00,9.16,-3.05,28.90,37.15,0.84,13.05
17453.00,9.16,-3.05,28.90,37.15,0.84,13.05
17456.00,9.16,-3.05,28.90,37.15,0.84,13.05
17459.00,9.16,-3.05,28.90,37.15,0.84,13.05
17462.00,9.16,-3.05,28.90,37.15,0.84,13.05
17465.00,9.16,-3.05,28.90,37.15,0.84,13.05
17467.00,9.16,-3.05,28.90,37.15,0.84,13.05
17470.00,6.11,18.33,37.02,4.95,3.89,-8.33
17473.00,6.11,18.33,37.02,4.95,3.89,-8.33
17476.00,6.11,18.33,37.02,4.95,3.89,-8.33
17479.00,6.11,18.33,37.02,4.95,3.89,-8.33
17482.00,6.11,18.33,37.02,4.95,3.89,-8.33
17484.00,6.11,18.33,37.02,4.95,3.89,-8.33
17487.00,6.11,18.33,37.02,4.95,3.89,-8.33
17490.00,6.11,18.33,37.02,4.95,3.89,-8.33
17494.00,6.11,18.33,37.02,4.95,3.89,-8.33
17496.00,6.11,18.33,37.02,4.95,3.89,-8.33
17499.00,6.11,18.33,37.02,4.95,3.89,-8.33
17502.00,6.11,18.33,37.02,4.95,3.89,-8.33
17505.00,6.11,18.33,37.02,4.95,3.89,-8.33
17508.00,6.11,18.33,37.02,4.95,3.89,-8.33
17510.00,6.11,18.33,37.02,4.95,3.89,-8.33
17513.00,6.11,18.33,37.02,4.95,3.89,-8.33
17516.00,6.11,18.33,37.02,4.95,3.89,-8.33
17519.00,6.11,18.33,37.02,4.95,3.89,-8.33
17522.00,15.27,9.16,21.00,15.20,-5.27,0.84
17524.00,15.27,9.16,21.00,15.20,-5.27,0.84
17527.00,15.27,9.16,21.00,15.20,-5.27,0.84
17530.00,15.27,9.16,21.00,15.20,-5.27,0.84
17533.00,15.27,9.16,21.00,15.20,-5.27,0.84
17537.00,15.27,9.16,21.00,15.20,-5.27,0.84
17539.00,15.27,9.16,21.00,15.20,-5.27,0.84
17542.00,15.27,9.16,21.00,15.20,-5.27,0.84
17545.00,15.27,9.16,21.00,15.20,-5.27,0.84
17548.00,15.27,9.16,21.00,15.20,-5.27,0.84
17551.00,15.27,9.16,21.00,15.20,-5.27,0.84
17553.00,15.27,9.16,21.00,15.20,-5.27,0.84
17556.00,15.27,9.16,21.00,15.20,-5.27,0.84
17559.00,15.27,9.16,21.00,15.20,-5.27,0.84
17562.00,15.27,9.16,21.00,15.20,-5.27,0.84
17564.00,15.27,9.16,21.00,15.20,-5.27,0.84
17567.00,15.27,9.16,21.00,15.20,-5.27,0.84
17570.00,15.27,9.16,21.00,15.20,-5.27,0.84
17573.00,12.22,0.00,21.17,37.36,-2.22,10.00
17576.00,12.22,0.00,21.17,37.36,-2.22,10.00
17580.00,12.22,0.00,21.17,37.36,-2.22,10.00
17582.00,12.22,0.00,21.17,37.36,-2.22,10.00
17585.00,12.22,0.00,21.17,37.36,-2.22,10.00
17588.00,12.22,0.00,21.17,37.36,-2.22,10.00
17591.00,12.22,0.00,21.17,37.36,-2.22,10.00
17594.00,12.22,0.00,21.17,37.36,-2.22,10.00
17596.00,12.22,0.00,21.17,37.36,-2.22,10.00
17599.00,12.22,0.00,21.17,37.36,-2.22,10.00
17602.00,12.22,0.00,21.17,37.36,-2.22,10.00
17605.00,12.22,0.00,21.17,37.36,-2.22,10.00
17607.00,12.22,0.00,21.17,37.36,-2.22,10.00
17610.00,12.22,0.00,21.17,37.36,-2.22,10.00
17613.00,12.22,0.00,21.17,37.36,-2.22,10.00
17616.00,12.22,0.00,21.17,37.36,-2.22,10.00
17619.00,12.22,0.00,21.17,37.36,-2.22,10.00
17622.00,12.22,0.00,21.17,37.36,-2.22,10.00
17625.00,3.05,15.27,39.36,15.23,6.95,-5.27
17628.00,3.05,15.27,39.36,15.23,6.95,-5.27
17631.00,3.05,15.27,39.36,15.23,6.95,-5.27
17634.00,3.05,15.27,39.36,15.23,6.95,-5.27
17637.00,3.05,15.27,39.36,15.23,6.95,-5.27
17639.00,3.05,15.27,39.36,15.23,6.95,-5.27
17642.00,3.05,15.27,39.36,15.23,6.95,-5.27
17645.00,3.05,15.27,39.36,15.23,6.95,-5.27
17648.00,3.05,15.27,39.36,15.23,6.95,-5.27
17651.00,3.05,15.27,39.36,15.23,6.95,-5.27
17653.00,3.05,15.27,39.36,15.23,6.95,-5.27
17656.00,3.05,15.27,39.36,15.23,6.95,-5.27
17659.00,3.05,15.27,39.36,15.23,6.95,-5.27
17662.00,3.05,15.27,39.36,15.23,6.95,-5.27
17666.00,3.05,15.27,39.36,15.23,6.95,-5.27
17668.00,3.05,15.27,39.36,15.23,6.95,-5.27
17671.00,3.05,15.27,39.36,15.23,6.95,-5.27
17674.00,3.05,15.27,39.36,15.23,6.95,-5.27
17677.00,0.00,18.33,55.42,1.36,10.00,-8.33
17680.00,0.00,18.33,55.42,1.36,10.00,-8.33
17683.00,0.00,18.33,55.42,1.36,10.00,-8.33
17685.00,0.00,18.33,55.42,1.36,10.00,-8.33
17688.00,0.00,18.33,55.42,1.36,10.00,-8.33
17691.00,0.00,18.33,55.42,1.36,10.00,-8.33
17693.00,0.00,18.33,55.42,1.36,10.00,-8.33
17696.00,0.00,18.33,55.42,1.36,10.00,-8.33
17699.00,0.00,18.33,55.42,1.36,10.00,-8.33
17702.00,0.00,18.33,55.42,1.36,10.00,-8.33
17704.00,0.00,18.33,55.42,1.36,10.00,-8.33
17708.00,0.00,18.33,55.42,1.36,10.00,-8.33
17711.00,0.00,18.33,55.42,1.36,10.00,-8.33
17714.00,0.00,18.33,55.42,1.36,10.00,-8.33
17716.00,0.00,18.33,55.42,1.36,10.00,-8.33
17719.00,0.00,18.33,55.42,1.36,10.00,-8.33
17722.00,0.00,18.33,55.42,1.36,10.00,-8.33
17725.00,0.00,18.33,55.42,1.36,10.00,-8.33
17728.00,15.27,3.05,33.29,25.66,-5.27,6.95