10256.00,12.22,18.33,30.23,25.34,5140.68,4439.93
10259.00,12.22,18.33,30.23,25.34,5140.68,4439.93
10262.00,12.22,18.33,30.23,25.34,5140.68,4439.93
10265.00,12.22,18.33,30.23,25.34,5140.68,4439.93
10268.00,12.22,18.33,30.23,25.34,5140.68,4439.93
10271.00,12.22,18.33,30.23,25.34,5140.68,4439.93
10275.00,15.27,21.38,27.78,22.90,5175.41,4468.55
10278.00,15.27,21.38,27.78,22.90,5175.41,4468.55
10281.00,15.27,21.38,27.78,22.90,5175.41,4468.55
10285.00,15.27,21.38,27.78,22.90,5175.41,4468.55
10288.00,15.27,21.38,27.78,22.90,5175.41,4468.55
10291.00,15.27,21.38,27.78,22.90,5175.41,4468.55
10294.00,15.27,21.38,27.78,22.90,5175.41,4468.55
10297.00,15.27,21.38,27.78,22.90,5175.41,4468.55
10300.00,15.27,21.38,27.78,22.90,5175.41,4468.55
10303.00,15.27,21.38,27.78,22.90,5175.41,4468.55
10306.00,15.27,21.38,27.78,22.90,5175.41,4468.55
10309.00,15.27,21.38,27.78,22.90,5175.41,4468.55
10312.00,15.27,21.38,27.78,22.90,5175.41,4468.55
10315.00,15.27,21.38,27.78,22.90,5175.41,4468.55
10318.00,15.27,21.38,27.78,22.90,5175.41,4468.55
10321.00,15.27,21.38,27.78,22.90,5175.41,4468.55
10326.00,15.27,15.27,27.78,27.78,5210.14,4503.27
10329.00,15.27,15.27,27.78,27.78,5210.14,4503.27
10332.00,15.27,15.27,27.78,27.78,5210.14,4503.27
10335.00,15.27,15.27,27.78,27.78,5210.14,4503.27
10338.00,15.27,15.27,27.78,27.78,5210.14,4503.27
10341.00,15.27,15.27,27.78,27.78,5210.14,4503.27
10344.00,15.27,15.27,27.78,27.78,5210.14,4503.27
10347.00,15.27,15.27,27.78,27.78,5210.14,4503.27
10350.00,15.27,15.27,27.78,27.78,5210.14,4503.27
10353.00,15.27,15.27,27.78,27.78,5210.14,4503.27
10356.00,15.27,15.27,27.78,27.78,5210.14,4503.27
10359.00,15.27,15.27,27.78,27.78,5210.14,4503.27
10363.00,15.27,15.27,27.78,27.78,5210.14,4503.27
10366.00,15.27,15.27,27.78,27.78,5210.14,4503.27
10370.00,15.27,15.27,27.78,27.78,5210.14,4503.27
10373.00,15.27,15.27,27.78,27.78,5210.14,4503.27
10376.00,14.68,20.56,28.25,23.55,5245.46,4532.72
10379.00,14.68,20.56,28.25,23.55,5245.46,4532.72
10382.00,14.68,20.56,28.25,23.55,5245.46,4532.72
10385.00,14.68,20.56,28.25,23.55,5245.46,4532.72
10388.00,14.68,20.56,28.25,23.55,5245.46,4532.72
10391.00,14.68,20.56,28.25,23.55,5245.46,4532.72
10394.00,14.68,20.56,28.25,23.55,5245.46,4532.72
10398.00,14.68,20.56,28.25,23.55,5245.46,4532.72
10401.00,14.68,20.56,28.25,23.55,5245.46,4532.72
10404.00,14.68,20.56,28.25,23.55,5245.46,4532.72
10407.00,14.68,20.56,28.25,23.55,5245.46,4532.72
10411.00,14.68,20.56,28.25,23.55,5245.46,4532.72
10414.00,14.68,20.56,28.25,23.55,5245.46,4532.72
10417.00,14.68,20.56,28.25,23.55,5245.46,4532.72
10420.00,14.68,20.56,28.25,23.55,5245.46,4532.72
10423.00,14.68,20.56,28.25,23.55,5245.46,4532.72
10426.00,12.22,18.33,30.23,25.34,5283.24,4564.39
10429.00,12.22,18.33,30.23,25.34,5283.24,4564.39
10432.00,12.22,18.33,30.23,25.34,5283.24,4564.39
10436.00,12.22,18.33,30.23,25.34,5283.24,4564.39
10439.00,12.22,18.33,30.23,25.34,5283.24,4564.39
10442.00,12.22,18.33,30.23,25.34,5283.24,4564.39
10445.00,12.22,18.33,30.23,25.34,5283.24,4564.39
10448.00,12.22,18.33,30.23,25.34,5283.24,4564.39
10451.00,12.22,18.33,30.23,25.34,5283.24,4564.39
10455.00,12.22,18.33,30.23,25.34,5283.24,4564.39
10458.00,12.22,18.33,30.23,25.34,5283.24,4564.39
10461.00,12.22,18.33,30.23,25.34,5283.24,4564.39
10464.00,12.22,18.33,30.23,25.34,5283.24,4564.39
10467.00,12.22,18.33,30.23,25.34,5283.24,4564.39
10470.00,12.22,18.33,30.23,25.34,5283.24,4564.39
10473.00,12.22,18.33,30.23,25.34,5283.24,4564.39
10477.00,15.27,18.33,27.78,25.34,5317.97,4596.06
10480.00,15.27,18.33,27.78,25.34,5317.97,4596.06
10483.00,15.27,18.33,27.78,25.34,5317.97,4596.06
10486.00,15.27,18.33,27.78,25.34,5317.97,4596.06
10489.00,15.27,18.33,27.78,25.34,5317.97,4596.06
10492.00,15.27,18.33,27.78,25.34,5317.97,4596.06
10496.00,15.27,18.33,27.78,25.34,5317.97,4596.06
10499.00,15.27,18.33,27.78,25.34,5317.97,4596.06
10502.00,15.27,18.33,27.78,25.34,5317.97,4596.06
10505.00,15.27,18.33,27.78,25.34,5317.97,4596.06
10508.00,15.27,18.33,27.78,25.34,5317.97,4596.06
10511.00,15.27,18.33,27.78,25.34,5317.97,4596.06
10514.00,15.27,18.33,27.78,25.34,5317.97,4596.06
10517.00,15.27,18.33,27.78,25.34,5317.97,4596.06
10521.00,15.27,18.33,27.78,25.34,5317.97,4596.06
10524.00,15.27,18.33,27.78,25.34,5317.97,4596.06
10527.00,14.97,20.96,28.02,23.23,5353.00,4625.10
10530.00,14.97,20.96,28.02,23.23,5353.00,4625.10
10533.00,14.97,20.96,28.02,23.23,5353.00,4625.10
10536.00,14.97,20.96,28.02,23.23,5353.00,4625.10
10540.00,14.97,20.96,28.02,23.23,5353.00,4625.10
10543.00,14.97,20.96,28.02,23.23,5353.00,4625.10
10546.00,14.97,20.96,28.02,23.23,5353.00,4625.10
10549.00,14.97,20.96,28.02,23.23,5353.00,4625.10
10552.00,14.97,20.96,28.02,23.23,5353.00,4625.10
10555.00,14.97,20.96,28.02,23.23,5353.00,4625.10
10558.00,14.97,20.96,28.02,23.23,5353.00,4625.10
10561.00,14.97,20.96,28.02,23.23,5353.00,4625.10
10564.00,14.97,20.96,28.02,23.23,5353.00,4625.10
10567.00,14.97,20.96,28.02,23.23,5353.00,4625.10
10571.00,14.97,20.96,28.02,23.23,5353.00,4625.10
10574.00,14.97,20.96,28.02,23.23,5353.00,4625.10
10577.00,14.97,20.96,28.02,23.23,5353.00,4625.10
10580.00,14.41,17.29,28.47,26.17,5388.59,4657.81
10584.00,14.41,17.29,28.47,26.17,5388.59,4657.81
10587.00,14.41,17.29,28.47,26.17,5388.59,4657.81
10590.00,14.41,17.29,28.47,26.17,5388.59,4657.81
10593.00,14.41,17.29,28.47,26.17,5388.59,4657.81
10596.00,14.41,17.29,28.47,26.17,5388.59,4657.81
10599.00,14.41,17.29,28.47,26.17,5388.59,4657.81
10602.00,14.41,17.29,28.47,26.17,5388.59,4657.81
10605.00,14.41,17.29,28.47,26.17,5388.59,4657.81
10609.00,14.41,17.29,28.47,26.17,5388.59,4657.81
10612.00,14.41,17.29,28.47,26.17,5388.59,4657.81
10615.00,14.41,17.29,28.47,26.17,5388.59,4657.81
10618.00,14.41,17.29,28.47,26.17,5388.59,4657.81
10621.00,14.41,17.29,28.47,26.17,5388.59,4657.81
10625.00,14.41,17.29,28.47,26.17,5388.59,4657.81
10628.00,14.41,17.29,28.47,26.17,5388.59,4657.81
10631.00,14.97,17.97,28.02,25.63,5423.62,4689.85
10634.00,14.97,17.97,28.02,25.63,5423.62,4689.85
10637.00,14.97,17.97,28.02,25.63,5423.62,4689.85
10640.00,14.97,17.97,28.02,25.63,5423.62,4689.85
10644.00,14.97,17.97,28.02,25.63,5423.62,4689.85
10647.00,14.97,17.97,28.02,25.63,5423.62,4689.85
10650.00,14.97,17.97,28.02,25.63,5423.62,4689.85
10653.00,14.97,17.97,28.02,25.63,5423.62,4689.85
10656.00,14.97,17.97,28.02,25.63,5423.62,4689.85
10659.00,14.97,17.97,28.02,25.63,5423.62,4689.85
10662.00,14.97,17.97,28.02,25.63,5423.62,4689.85
10665.00,14.97,17.97,28.02,25.63,5423.62,4689.85
10669.00,14.97,17.97,28.02,25.63,5423.62,4689.85
10672.00,14.97,17.97,28.02,25.63,5423.62,4689.85
10675.00,14.97,17.97,28.02,25.63,5423.62,4689.85
10678.00,14.97,17.97,28.02,25.63,5423.62,4689.85
10681.00,12.22,21.38,30.23,22.90,5461.40,4718.47
10685.00,12.22,21.38,30.23,22.90,5461.40,4718.47
10688.00,12.22,21.38,30.23,22.90,5461.40,4718.47
10691.00,12.22,21.38,30.23,22.90,5461.40,4718.47
10694.00,12.22,21.38,30.23,22.90,5461.40,4718.47
10697.00,12.22,21.38,30.23,22.90,5461.40,4718.47
10700.00,12.22,21.38,30.23,22.90,5461.40,4718.47
10703.00,12.22,21.38,30.23,22.90,5461.40,4718.47
10706.00,12.22,21.38,30.23,22.90,5461.40,4718.47
10710.00,12.22,21.38,30.23,22.90,5461.40,4718.47
10713.00,12.22,21.38,30.23,22.90,5461.40,4718.47
10716.00,12.22,21.38,30.23,22.90,5461.40,4718.47
10719.00,12.22,21.38,30.23,22.90,5461.40,4718.47
10722.00,12.22,21.38,30.23,22.90,5461.40,4718.47
10725.00,12.22,21.38,30.23,22.90,5461.40,4718.47
10728.00,12.22,21.38,30.23,22.90,5461.40,4718.47
10732.00,15.27,18.33,27.78,25.34,5496.13,4750.14
10735.00,15.27,18.33,27.78,25.34,5496.13,4750.14
10738.00,15.27,18.33,27.78,25.34,5496.13,4750.14
10741.00,15.27,18.33,27.78,25.34,5496.13,4750.14
10744.00,15.27,18.33,27.78,25.34,5496.13,4750.14
10747.00,15.27,18.33,27.78,25.34,5496.13,4750.14
10750.00,15.27,18.33,27.78,25.34,5496.13,4750.14
10754.00,15.27,18.33,27.78,25.34,5496.13,4750.14
10757.00,15.27,18.33,27.78,25.34,5496.13,4750.14
10760.00,15.27,18.33,27.78,25.34,5496.13,4750.14
10763.00,15.27,18.33,27.78,25.34,5496.13,4750.14
10766.00,15.27,18.33,27.78,25.34,5496.13,4750.14
10770.00,15.27,18.33,27.78,25.34,5496.13,4750.14
10773.00,15.27,18.33,27.78,25.34,5496.13,4750.14
10776.00,15.27,18.33,27.78,25.34,5496.13,4750.14
10779.00,15.27,18.33,27.78,25.34,5496.13,4750.14
10782.00,14.97,17.97,28.02,25.63,5531.16,4782.17
10785.00,14.97,17.97,28.02,25.63,5531.16,4782.17
10788.00,14.97,17.97,28.02,25.63,5531.16,4782.17
10791.00,14.97,17.97,28.02,25.63,5531.16,4782.17
10795.00,14.97,17.97,28.02,25.63,5531.16,4782.17
10798.00,14.97,17.97,28.02,25.63,5531.16,4782.17
10801.00,14.97,17.97,28.02,25.63,5531.16,4782.17
10805.00,14.97,17.97,28.02,25.63,5531.16,4782.17
10808.00,14.97,17.97,28.02,25.63,5531.16,4782.17
10811.00,14.97,17.97,28.02,25.63,5531.16,4782.17
10814.00,14.97,17.97,28.02,25.63,5531.16,4782.17
10817.00,14.97,17.97,28.02,25.63,5531.16,4782.17
10820.00,14.97,17.97,28.02,25.63,5531.16,4782.17
10823.00,14.97,17.97,28.02,25.63,5531.16,4782.17
10826.00,14.97,17.97,28.02,25.63,5531.16,4782.17
10829.00,14.97,17.97,28.02,25.63,5531.16,4782.17
10832.00,12.22,18.33,30.23,25.34,5568.94,4813.85
10835.00,12.22,18.33,30.23,25.34,5568.94,4813.85
10839.00,12.22,18.33,30.23,25.34,5568.94,4813.85
10843.00,12.22,18.33,30.23,25.34,5568.94,4813.85
10846.00,12.22,18.33,30.23,25.34,5568.94,4813.85
10849.00,12.22,18.33,30.23,25.34,5568.94,4813.85
10852.00,12.22,18.33,30.23,25.34,5568.94,4813.85
10855.00,12.22,18.33,30.23,25.34,5568.94,4813.85
10858.00,12.22,18.33,30.23,25.34,5568.94,4813.85
10861.00,12.22,18.33,30.23,25.34,5568.94,4813.85
10864.00,12.22,18.33,30.23,25.34,5568.94,4813.85
10867.00,12.22,18.33,30.23,25.34,5568.94,4813.85
10870.00,12.22,18.33,30.23,25.34,5568.94,4813.85
10873.00,12.22,18.33,30.23,25.34,5568.94,4813.85
10876.00,12.22,18.33,30.23,25.34,5568.94,4813.85
10880.00,12.22,18.33,30.23,25.34,5568.94,4813.85
10884.00,14.97,20.96,28.02,23.23,5603.97,4842.89
10887.00,14.97,20.96,28.02,23.23,5603.97,4842.89
10890.00,14.97,20.96,28.02,23.23,5603.97,4842.89
10893.00,14.97,20.96,28.02,23.23,5603.97,4842.89
10896.00,14.97,20.96,28.02,23.23,5603.97,4842.89
10899.00,14.97,20.96,28.02,23.23,5603.97,4842.89
10902.00,14.97,20.96,28.02,23.23,5603.97,4842.89
10905.00,14.97,20.96,28.02,23.23,5603.97,4842.89
10908.00,14.97,20.96,28.02,23.23,5603.97,4842.89
10911.00,14.97,20.96,28.02,23.23,5603.97,4842.89
10914.00,14.97,20.96,28.02,23.23,5603.97,4842.89
10917.00,14.97,20.96,28.02,23.23,5603.97,4842.89
10920.00,14.97,20.96,28.02,23.23,5603.97,4842.89
10924.00,14.97,20.96,28.02,23.23,5603.97,4842.89
10927.00,14.97,20.96,28.02,23.23,5603.97,4842.89
10931.00,14.97,20.96,28.02,23.23,5603.97,4842.89
10934.00,18.33,18.33,25.34,25.34,5635.64,4874.56
10937.00,18.33,18.33,25.34,25.34,5635.64,4874.56
10940.00,18.33,18.33,25.34,25.34,5635.64,4874.56
10943.00,18.33,18.33,25.34,25.34,5635.64,4874.56
10946.00,18.33,18.33,25.34,25.34,5635.64,4874.56
10949.00,18.33,18.33,25.34,25.34,5635.64,4874.56
10952.00,18.33,18.33,25.34,25.34,5635.64,4874.56
10955.00,18.33,18.33,25.34,25.34,5635.64,4874.56
10958.00,18.33,18.33,25.34,25.34,5635.64,4874.56
10961.00,18.33,18.33,25.34,25.34,5635.64,4874.56
10966.00,18.33,18.33,25.34,25.34,5635.64,4874.56
10969.00,18.33,18.33,25.34,25.34,5635.64,4874.56
10972.00,18.33,18.33,25.34,25.34,5635.64,4874.56
10975.00,18.33,18.33,25.34,25.34,5635.64,4874.56
10978.00,18.33,18.33,25.34,25.34,5635.64,4874.56
10981.00,18.33,18.33,25.34,25.34,5635.64,4874.56
10984.00,11.98,17.97,30.42,25.63,5673.66,4906.59
10987.00,11.98,17.97,30.42,25.63,5673.66,4906.59
10990.00,11.98,17.97,30.42,25.63,5673.66,4906.59
10993.00,11.98,17.97,30.42,25.63,5673.66,4906.59
10996.00,11.98,17.97,30.42,25.63,5673.66,4906.59
11000.00,11.98,17.97,30.42,25.63,5673.66,4906.59
11003.00,11.98,17.97,30.42,25.63,5673.66,4906.59
11006.00,11.98,17.97,30.42,25.63,5673.66,4906.59
11010.00,11.98,17.97,30.42,25.63,5673.66,4906.59
11013.00,11.98,17.97,30.42,25.63,5673.66,4906.59
11016.00,11.98,17.97,30.42,25.63,5673.66,4906.59
11019.00,11.98,17.97,30.42,25.63,5673.66,4906.59
11022.00,11.98,17.97,30.42,25.63,5673.66,4906.59
11025.00,11.98,17.97,30.42,25.63,5673.66,4906.59
11028.00,11.98,17.97,30.42,25.63,5673.66,4906.59
11031.00,11.98,17.97,30.42,25.63,5673.66,4906.59
11034.00,12.22,18.33,30.23,25.34,5711.45,4938.27
11038.00,12.22,18.33,30.23,25.34,5711.45,4938.27
11041.00,12.22,18.33,30.23,25.34,5711.45,4938.27
11044.00,12.22,18.33,30.23,25.34,5711.45,4938.27
11047.00,12.22,18.33,30.23,25.34,5711.45,4938.27
11051.00,12.22,18.33,30.23,25.34,5711.45,4938.27
11054.00,12.22,18.33,30.23,25.34,5711.45,4938.27
11057.00,12.22,18.33,30.23,25.34,5711.45,4938.27
11060.00,12.22,18.33,30.23,25.34,5711.45,4938.27
11063.00,12.22,18.33,30.23,25.34,5711.45,4938.27
11066.00,12.22,18.33,30.23,25.34,5711.45,4938.27
11069.00,12.22,18.33,30.23,25.34,5711.45,4938.27
11072.00,12.22,18.33,30.23,25.34,5711.45,4938.27
11075.00,12.22,18.33,30.23,25.34,5711.45,4938.27
11079.00,12.22,18.33,30.23,25.34,5711.45,4938.27
11082.00,12.22,18.33,30.23,25.34,5711.45,4938.27
11085.00,17.97,20.96,25.63,23.23,5743.48,4967.31
11088.00,17.97,20.96,25.63,23.23,5743.48,4967.31
11091.00,17.97,20.96,25.63,23.23,5743.48,4967.31
11095.00,17.97,20.96,25.63,23.23,5743.48,4967.31
11098.00,17.97,20.96,25.63,23.23,5743.48,4967.31
11101.00,17.97,20.96,25.63,23.23,5743.48,4967.31
11104.00,17.97,20.96,25.63,23.23,5743.48,4967.31
11107.00,17.97,20.96,25.63,23.23,5743.48,4967.31
11110.00,17.97,20.96,25.63,23.23,5743.48,4967.31
11114.00,17.97,20.96,25.63,23.23,5743.48,4967.31
11117.00,17.97,20.96,25.63,23.23,5743.48,4967.31
11120.00,17.97,20.96,25.63,23.23,5743.48,4967.31
11123.00,17.97,20.96,25.63,23.23,5743.48,4967.31
11126.00,17.97,20.96,25.63,23.23,5743.48,4967.31
11129.00,17.97,20.96,25.63,23.23,5743.48,4967.31
11132.00,17.97,20.96,25.63,23.23,5743.48,4967.31
11136.00,11.98,17.97,30.42,25.63,5781.50,4999.34
11139.00,11.98,17.97,30.42,25.63,5781.50,4999.34
11142.00,11.98,17.97,30.42,25.63,5781.50,4999.34
11145.00,11.98,17.97,30.42,25.63,5781.50,4999.34
11148.00,11.98,17.97,30.42,25.63,5781.50,4999.34
11152.00,11.98,17.97,30.42,25.63,5781.50,4999.34
11155.00,11.98,17.97,30.42,25.63,5781.50,4999.34
11158.00,11.98,17.97,30.42,25.63,5781.50,4999.34
11161.00,11.98,17.97,30.42,25.63,5781.50,4999.34
11164.00,11.98,17.97,30.42,25.63,5781.50,4999.34
11167.00,11.98,17.97,30.42,25.63,5781.50,4999.34
11170.00,11.98,17.97,30.42,25.63,5781.50,4999.34
11173.00,11.98,17.97,30.42,25.63,5781.50,4999.34
11176.00,11.98,17.97,30.42,25.63,5781.50,4999.34
11180.00,11.98,17.97,30.42,25.63,5781.50,4999.34
11183.00,11.98,17.97,30.42,25.63,5781.50,4999.34
11186.00,15.27,21.38,27.78,22.90,5816.23,5027.96
11190.00,15.27,21.38,27.78,22.90,5816.23,5027.96
11193.00,15.27,21.38,27.78,22.90,5816.23,5027.96
11196.00,15.27,21.38,27.78,22.90,5816.23,5027.96
11199.00,15.27,21.38,27.78,22.90,5816.23,5027.96
11202.00,15.27,21.38,27.78,22.90,5816.23,5027.96
11205.00,15.27,21.38,27.78,22.90,5816.23,5027.96
11208.00,15.27,21.38,27.78,22.90,5816.23,5027.96
11211.00,15.27,21.38,27.78,22.90,5816.23,5027.96
11214.00,15.27,21.38,27.78,22.90,5816.23,5027.96
11217.00,15.27,21.38,27.78,22.90,5816.23,5027.96
11220.00,15.27,21.38,27.78,22.90,5816.23,5027.96
11224.00,15.27,21.38,27.78,22.90,5816.23,5027.96
11227.00,15.27,21.38,27.78,22.90,5816.23,5027.96
11230.00,15.27,21.38,27.78,22.90,5816.23,5027.96
11233.00,15.27,21.38,27.78,22.90,5816.23,5027.96
11237.00,15.27,15.27,27.78,27.78,5850.96,5062.69
11240.00,15.27,15.27,27.78,27.78,5850.96,5062.69
11243.00,15.27,15.27,27.78,27.78,5850.96,5062.69
11246.00,15.27,15.27,27.78,27.78,5850.96,5062.69
11249.00,15.27,15.27,27.78,27.78,5850.96,5062.69
11252.00,15.27,15.27,27.78,27.78,5850.96,5062.69
11255.00,15.27,15.27,27.78,27.78,5850.96,5062.69
11258.00,15.27,15.27,27.78,27.78,5850.96,5062.69
11261.00,15.27,15.27,27.78,27.78,5850.96,5062.69
11265.00,15.27,15.27,27.78,27.78,5850.96,5062.69
11268.00,15.27,15.27,27.78,27.78,5850.96,5062.69
11271.00,15.27,15.27,27.78,27.78,5850.96,5062.69
11274.00,15.27,15.27,27.78,27.78,5850.96,5062.69
11277.00,15.27,15.27,27.78,27.78,5850.96,5062.69
11281.00,15.27,15.27,27.78,27.78,5850.96,5062.69
11284.00,15.27,15.27,27.78,27.78,5850.96,5062.69
11287.00,11.98,20.96,30.42,23.23,5888.98,5091.73
11290.00,11.98,20.96,30.42,23.23,5888.98,5091.73
11293.00,11.98,20.96,30.42,23.23,5888.98,5091.73
11296.00,11.98,20.96,30.42,23.23,5888.98,5091.73
11299.00,11.98,20.96,30.42,23.23,5888.98,5091.73
11302.00,11.98,20.96,30.42,23.23,5888.98,5091.73
11305.00,11.98,20.96,30.42,23.23,5888.98,5091.73
11309.00,11.98,20.96,30.42,23.23,5888.98,5091.73
11312.00,11.98,20.96,30.42,23.23,5888.98,5091.73
11315.00,11.98,20.96,30.42,23.23,5888.98,5091.73
11319.00,11.98,20.96,30.42,23.23,5888.98,5091.73
11322.00,11.98,20.96,30.42,23.23,5888.98,5091.73
11325.00,11.98,20.96,30.42,23.23,5888.98,5091.73
11328.00,11.98,20.96,30.42,23.23,5888.98,5091.73
11331.00,11.98,20.96,30.42,23.23,5888.98,5091.73
11334.00,11.98,20.96,30.42,23.23,5888.98,5091.73
11337.00,15.27,18.33,27.78,25.34,5923.71,5123.40
11340.00,15.27,18.33,27.78,25.34,5923.71,5123.40
11343.00,15.27,18.33,27.78,25.34,5923.71,5123.40
11346.00,15.27,18.33,27.78,25.34,5923.71,5123.40
11350.00,15.27,18.33,27.78,25.34,5923.71,5123.40
11353.00,15.27,18.33,27.78,25.34,5923.71,5123.40
11357.00,15.27,18.33,27.78,25.34,5923.71,5123.40
11360.00,15.27,18.33,27.78,25.34,5923.71,5123.40
11363.00,15.27,18.33,27.78,25.34,5923.71,5123.40
11366.00,15.27,18.33,27.78,25.34,5923.71,5123.40
11369.00,15.27,18.33,27.78,25.34,5923.71,5123.40
11372.00,15.27,18.33,27.78,25.34,5923.71,5123.40
11375.00,15.27,18.33,27.78,25.34,5923.71,5123.40
11378.00,15.27,18.33,27.78,25.34,5923.71,5123.40
11381.00,15.27,18.33,27.78,25.34,5923.71,5123.40
11384.00,15.27,18.33,27.78,25.34,5923.71,5123.40
11387.00,12.22,21.38,30.23,22.90,5961.49,5152.02
11390.00,12.22,21.38,30.23,22.90,5961.49,5152.02
11395.00,12.22,21.38,30.23,22.90,5961.49,5152.02
11398.00,12.22,21.38,30.23,22.90,5961.49,5152.02
11401.00,12.22,21.38,30.23,22.90,5961.49,5152.02
11404.00,12.22,21.38,30.23,22.90,5961.49,5152.02
11407.00,12.22,21.38,30.23,22.90,5961.49,5152.02
11410.00,12.22,21.38,30.23,22.90,5961.49,5152.02
11413.00,12.22,21.38,30.23,22.90,5961.49,5152.02
11416.00,12.22,21.38,30.23,22.90,5961.49,5152.02
11419.00,12.22,21.38,30.23,22.90,5961.49,5152.02
11422.00,12.22,21.38,30.23,22.90,5961.49,5152.02
11425.00,12.22,21.38,30.23,22.90,5961.49,5152.02
11428.00,12.22,21.38,30.23,22.90,5961.49,5152.02
11431.00,12.22,21.38,30.23,22.90,5961.49,5152.02
11435.00,12.22,21.38,30.23,22.90,5961.49,5152.02
11439.00,17.97,17.97,25.63,25.63,5993.53,5184.05
11442.00,17.97,17.97,25.63,25.63,5993.53,5184.05
11445.00,17.97,17.97,25.63,25.63,5993.53,5184.05
11448.00,17.97,17.97,25.63,25.63,5993.53,5184.05
11451.00,17.97,17.97,25.63,25.63,5993.53,5184.05
11454.00,17.97,17.97,25.63,25.63,5993.53,5184.05
11457.00,17.97,17.97,25.63,25.63,5993.53,5184.05
11460.00,17.97,17.97,25.63,25.63,5993.53,5184.05
11463.00,17.97,17.97,25.63,25.63,5993.53,5184.05
11466.00,17.97,17.97,25.63,25.63,5993.53,5184.05
11469.00,17.97,17.97,25.63,25.63,5993.53,5184.05
11472.00,17.97,17.97,25.63,25.63,5993.53,5184.05
11475.00,17.97,17.97,25.63,25.63,5993.53,5184.05
11479.00,17.97,17.97,25.63,25.63,5993.53,5184.05
11482.00,17.97,17.97,25.63,25.63,5993.53,5184.05
11486.00,17.97,17.97,25.63,25.63,5993.53,5184.05
11489.00,12.22,18.33,30.23,25.34,6031.31,5215.73
11492.00,12.22,18.33,30.23,25.34,6031.31,5215.73
11495.00,12.22,18.33,30.23,25.34,6031.31,5215.73
11498.00,12.22,18.33,30.23,25.34,6031.31,5215.73
11501.00,12.22,18.33,30.23,25.34,6031.31,5215.73
11504.00,12.22,18.33,30.23,25.34,6031.31,5215.73
11507.00,12.22,18.33,30.23,25.34,6031.31,5215.73
11510.00,12.22,18.33,30.23,25.34,6031.31,5215.73
11513.00,12.22,18.33,30.23,25.34,6031.31,5215.73
11517.00,12.22,18.33,30.23,25.34,6031.31,5215.73
11521.00,12.22,18.33,30.23,25.34,6031.31,5215.73
11524.00,12.22,18.33,30.23,25.34,6031.31,5215.73
11527.00,12.22,18.33,30.23,25.34,6031.31,5215.73
11530.00,12.22,18.33,30.23,25.34,6031.31,5215.73
11533.00,12.22,18.33,30.23,25.34,6031.31,5215.73
11536.00,12.22,18.33,30.23,25.34,6031.31,5215.73
11539.00,11.98,17.97,30.42,25.63,6069.33,5247.76
11542.00,11.98,17.97,30.42,25.63,6069.33,5247.76
11545.00,11.98,17.97,30.42,25.63,6069.33,5247.76
11549.00,11.98,17.97,30.42,25.63,6069.33,5247.76
11552.00,11.98,17.97,30.42,25.63,6069.33,5247.76
11555.00,11.98,17.97,30.42,25.63,6069.33,5247.76
11558.00,11.98,17.97,30.42,25.63,6069.33,5247.76
11561.00,11.98,17.97,30.42,25.63,6069.33,5247.76
11565.00,11.98,17.97,30.42,25.63,6069.33,5247.76
11568.00,11.98,17.97,30.42,25.63,6069.33,5247.76
11571.00,11.98,17.97,30.42,25.63,6069.33,5247.76
11574.00,11.98,17.97,30.42,25.63,6069.33,5247.76
11577.00,11.98,17.97,30.42,25.63,6069.33,5247.76
11580.00,11.98,17.97,30.42,25.63,6069.33,5247.76
11583.00,11.98,17.97,30.42,25.63,6069.33,5247.76
11586.00,11.98,17.97,30.42,25.63,6069.33,5247.76
11590.00,15.27,21.38,27.78,22.90,6104.06,5276.38
11593.00,15.27,21.38,27.78,22.90,6104.06,5276.38
11596.00,15.27,21.38,27.78,22.90,6104.06,5276.38
11599.00,15.27,21.38,27.78,22.90,6104.06,5276.38
11602.00,15.27,21.38,27.78,22.90,6104.06,5276.38
11606.00,15.27,21.38,27.78,22.90,6104.06,5276.38
11609.00,15.27,21.38,27.78,22.90,6104.06,5276.38
11612.00,15.27,21.38,27.78,22.90,6104.06,5276.38
11615.00,15.27,21.38,27.78,22.90,6104.06,5276.38
11618.00,15.27,21.38,27.78,22.90,6104.06,5276.38
11621.00,15.27,21.38,27.78,22.90,6104.06,5276.38
11624.00,15.27,21.38,27.78,22.90,6104.06,5276.38
11627.00,15.27,21.38,27.78,22.90,6104.06,5276.38
11630.00,15.27,21.38,27.78,22.90,6104.06,5276.38
11633.00,15.27,21.38,27.78,22.90,6104.06,5276.38
11636.00,15.27,21.38,27.78,22.90,6104.06,5276.38
11640.00,15.27,18.33,27.78,25.34,6138.79,5308.05
11643.00,15.27,18.33,27.78,25.34,6138.79,5308.05
11646.00,15.27,18.33,27.78,25.34,6138.79,5308.05
11650.00,15.27,18.33,27.78,25.34,6138.79,5308.05
11653.00,15.27,18.33,27.78,25.34,6138.79,5308.05
11656.00,15.27,18.33,27.78,25.34,6138.79,5308.05
11659.00,15.27,18.33,27.78,25.34,6138.79,5308.05
11662.00,15.27,18.33,27.78,25.34,6138.79,5308.05
11665.00,15.27,18.33,27.78,25.34,6138.79,5308.05
11668.00,15.27,18.33,27.78,25.34,6138.79,5308.05
11671.00,15.27,18.33,27.78,25.34,6138.79,5308.05
11674.00,15.27,18.33,27.78,25.34,6138.79,5308.05
11677.00,15.27,18.33,27.78,25.34,6138.79,5308.05
11681.00,15.27,18.33,27.78,25.34,6138.79,5308.05
11684.00,15.27,18.33,27.78,25.34,6138.79,5308.05
11687.00,15.27,18.33,27.78,25.34,6138.79,5308.05
11691.00,11.75,17.62,30.60,25.90,6177.04,5340.43
11694.00,11.75,17.62,30.60,25.90,6177.04,5340.43
11697.00,11.75,17.62,30.60,25.90,6177.04,5340.43
11700.00,11.75,17.62,30.60,25.90,6177.04,5340.43
11703.00,11.75,17.62,30.60,25.90,6177.04,5340.43
11706.00,11.75,17.62,30.60,25.90,6177.04,5340.43
11709.00,11.75,17.62,30.60,25.90,6177.04,5340.43
11712.00,11.75,17.62,30.60,25.90,6177.04,5340.43
11715.00,11.75,17.62,30.60,25.90,6177.04,5340.43
11718.00,11.75,17.62,30.60,25.90,6177.04,5340.43
11721.00,11.75,17.62,30.60,25.90,6177.04,5340.43
11725.00,11.75,17.62,30.60,25.90,6177.04,5340.43
11728.00,11.75,17.62,30.60,25.90,6177.04,5340.43
11731.00,11.75,17.62,30.60,25.90,6177.04,5340.43
11735.00,11.75,17.62,30.60,25.90,6177.04,5340.43
11738.00,11.75,17.62,30.60,25.90,6177.04,5340.43
11741.00,15.27,18.33,27.78,25.34,6211.77,5372.11
11744.00,15.27,18.33,27.78,25.34,6211.77,5372.11
11747.00,15.27,18.33,27.78,25.34,6211.77,5372.11
11750.00,15.27,18.33,27.78,25.34,6211.77,5372.11
11753.00,15.27,18.33,27.78,25.34,6211.77,5372.11
11756.00,15.27,18.33,27.78,25.34,6211.77,5372.11
11759.00,15.27,18.33,27.78,25.34,6211.77,5372.11
11763.00,15.27,18.33,27.78,25.34,6211.77,5372.11
11766.00,15.27,18.33,27.78,25.34,6211.77,5372.11
11769.00,15.27,18.33,27.78,25.34,6211.77,5372.11
11772.00,15.27,18.33,27.78,25.34,6211.77,5372.11
11776.00,15.27,18.33,27.78,25.34,6211.77,5372.11
11779.00,15.27,18.33,27.78,25.34,6211.77,5372.11
11782.00,15.27,18.33,27.78,25.34,6211.77,5372.11
11785.00,15.27,18.33,27.78,25.34,6211.77,5372.11
11788.00,15.27,18.33,27.78,25.34,6211.77,5372.11
11791.00,12.22,21.38,30.23,22.90,6249.55,5400.73
11794.00,12.22,21.38,30.23,22.90,6249.55,5400.73
11798.00,12.22,21.38,30.23,22.90,6249.55,5400.73
11801.00,12.22,21.38,30.23,22.90,6249.55,5400.73
11804.00,12.22,21.38,30.23,22.90,6249.55,5400.73
11807.00,12.22,21.38,30.23,22.90,6249.55,5400.73
11810.00,12.22,21.38,30.23,22.90,6249.55,5400.73
11813.00,12.22,21.38,30.23,22.90,6249.55,5400.73
11816.00,12.22,21.38,30.23,22.90,6249.55,5400.73
11820.00,12.22,21.38,30.23,22.90,6249.55,5400.73
11823.00,12.22,21.38,30.23,22.90,6249.55,5400.73
11826.00,12.22,21.38,30.23,22.90,6249.55,5400.73
11829.00,12.22,21.38,30.23,22.90,6249.55,5400.73
11832.00,12.22,21.38,30.23,22.90,6249.55,5400.73
11835.00,12.22,21.38,30.23,22.90,6249.55,5400.73
11838.00,12.22,21.38,30.23,22.90,6249.55,5400.73
11842.00,15.27,18.33,27.78,25.34,6284.28,5432.40
11845.00,15.27,18.33,27.78,25.34,6284.28,5432.40
11848.00,15.27,18.33,27.78,25.34,6284.28,5432.40
11851.00,15.27,18.33,27.78,25.34,6284.28,5432.40
11854.00,15.27,18.33,27.78,25.34,6284.28,5432.40
11857.00,15.27,18.33,27.78,25.34,6284.28,5432.40
11860.00,15.27,18.33,27.78,25.34,6284.28,5432.40
11864.00,15.27,18.33,27.78,25.34,6284.28,5432.40
11867.00,15.27,18.33,27.78,25.34,6284.28,5432.40
11870.00,15.27,18.33,27.78,25.34,6284.28,5432.40
11873.00,15.27,18.33,27.78,25.34,6284.28,5432.40
11876.00,15.27,18.33,27.78,25.34,6284.28,5432.40
11879.00,15.27,18.33,27.78,25.34,6284.28,5432.40
11882.00,15.27,18.33,27.78,25.34,6284.28,5432.40
11886.00,15.27,18.33,27.78,25.34,6284.28,5432.40
11889.00,15.27,18.33,27.78,25.34,6284.28,5432.40
11892.00,11.98,17.97,30.42,25.63,6322.30,5464.43
11895.00,11.98,17.97,30.42,25.63,6322.30,5464.43
11898.00,11.98,17.97,30.42,25.63,6322.30,5464.43
11901.00,11.98,17.97,30.42,25.63,6322.30,5464.43
11905.00,11.98,17.97,30.42,25.63,6322.30,5464.43
11908.00,11.98,17.97,30.42,25.63,6322.30,5464.43
11911.00,11.98,17.97,30.42,25.63,6322.30,5464.43
11914.00,11.98,17.97,30.42,25.63,6322.30,5464.43
11917.00,11.98,17.97,30.42,25.63,6322.30,5464.43
11920.00,11.98,17.97,30.42,25.63,6322.30,5464.43
11924.00,11.98,17.97,30.42,25.63,6322.30,5464.43
11927.00,11.98,17.97,30.42,25.63,6322.30,5464.43
11930.00,11.98,17.97,30.42,25.63,6322.30,5464.43
11933.00,11.98,17.97,30.42,25.63,6322.30,5464.43
11936.00,11.98,17.97,30.42,25.63,6322.30,5464.43
11939.00,11.98,17.97,30.42,25.63,6322.30,5464.43
11942.00,15.27,21.38,27.78,22.90,6357.03,5493.05
11945.00,15.27,21.38,27.78,22.90,6357.03,5493.05
11949.00,15.27,21.38,27.78,22.90,6357.03,5493.05
11952.00,15.27,21.38,27.78,22.90,6357.03,5493.05
11955.00,15.27,21.38,27.78,22.90,6357.03,5493.05
11958.00,15.27,21.38,27.78,22.90,6357.03,5493.05
11961.00,15.27,21.38,27.78,22.90,6357.03,5493.05
11965.00,15.27,21.38,27.78,22.90,6357.03,5493.05
11968.00,15.27,21.38,27.78,22.90,6357.03,5493.05
11971.00,15.27,21.38,27.78,22.90,6357.03,5493.05
11974.00,15.27,21.38,27.78,22.90,6357.03,5493.05
11977.00,15.27,21.38,27.78,22.90,6357.03,5493.05
11980.00,15.27,21.38,27.78,22.90,6357.03,5493.05
11983.00,15.27,21.38,27.78,22.90,6357.03,5493.05
11986.00,15.27,21.38,27.78,22.90,6357.03,5493.05
11990.00,15.27,21.38,27.78,22.90,6357.03,5493.05
11993.00,14.97,17.97,28.02,25.63,6392.06,5525.09
11996.00,14.97,17.97,28.02,25.63,6392.06,5525.09
11999.00,14.97,17.97,28.02,25.63,6392.06,5525.09
12002.00,14.97,17.97,28.02,25.63,6392.06,5525.09
12005.00,14.97,17.97,28.02,25.63,6392.06,5525.09
12008.00,14.97,17.97,28.02,25.63,6392.06,5525.09
12012.00,14.97,17.97,28.02,25.63,6392.06,5525.09
12015.00,14.97,17.97,28.02,25.63,6392.06,5525.09
12018.00,14.97,17.97,28.02,25.63,6392.06,5525.09
12021.00,14.97,17.97,28.02,25.63,6392.06,5525.09
12024.00,14.97,17.97,28.02,25.63,6392.06,5525.09
12027.00,14.97,17.97,28.02,25.63,6392.06,5525.09
12030.00,14.97,17.97,28.02,25.63,6392.06,5525.09
12034.00,14.97,17.97,28.02,25.63,6392.06,5525.09
12037.00,14.97,17.97,28.02,25.63,6392.06,5525.09
12040.00,14.97,17.97,28.02,25.63,6392.06,5525.09
12043.00,12.22,18.33,30.23,25.34,6429.84,5556.76
12046.00,12.22,18.33,30.23,25.34,6429.84,5556.76
12049.00,12.22,18.33,30.23,25.34,6429.84,5556.76
12053.00,12.22,18.33,30.23,25.34,6429.84,5556.76
12056.00,12.22,18.33,30.23,25.34,6429.84,5556.76
12059.00,12.22,18.33,30.23,25.34,6429.84,5556.76
12062.00,12.22,18.33,30.23,25.34,6429.84,5556.76
12065.00,12.22,18.33,30.23,25.34,6429.84,5556.76
12068.00,12.22,18.33,30.23,25.34,6429.84,5556.76
12071.00,12.22,18.33,30.23,25.34,6429.84,5556.76
12075.00,12.22,18.33,30.23,25.34,6429.84,5556.76
12078.00,12.22,18.33,30.23,25.34,6429.84,5556.76
12081.00,12.22,18.33,30.23,25.34,6429.84,5556.76
12084.00,12.22,18.33,30.23,25.34,6429.84,5556.76
12087.00,12.22,18.33,30.23,25.34,6429.84,5556.76
12090.00,12.22,18.33,30.23,25.34,6429.84,5556.76
12094.00,15.27,18.33,27.78,25.34,6464.57,5588.43
12097.00,15.27,18.33,27.78,25.34,6464.57,5588.43
12100.00,15.27,18.33,27.78,25.34,6464.57,5588.43
12103.00,15.27,18.33,27.78,25.34,6464.57,5588.43
12106.00,15.27,18.33,27.78,25.34,6464.57,5588.43
12109.00,15.27,18.33,27.78,25.34,6464.57,5588.43
12112.00,15.27,18.33,27.78,25.34,6464.57,5588.43
12115.00,15.27,18.33,27.78,25.34,6464.57,5588.43
12119.00,15.27,18.33,27.78,25.34,6464.57,5588.43
12122.00,15.27,18.33,27.78,25.34,6464.57,5588.43
12125.00,15.27,18.33,27.78,25.34,6464.57,5588.43
12128.00,15.27,18.33,27.78,25.34,6464.57,5588.43
12131.00,15.27,18.33,27.78,25.34,6464.57,5588.43
12135.00,15.27,18.33,27.78,25.34,6464.57,5588.43
12138.00,15.27,18.33,27.78,25.34,6464.57,5588.43
12141.00,15.27,18.33,27.78,25.34,6464.57,5588.43
12144.00,11.98,20.96,30.42,23.23,6502.59,5617.47
12147.00,11.98,20.96,30.42,23.23,6502.59,5617.47
12150.00,11.98,20.96,30.42,23.23,6502.59,5617.47
12153.00,11.98,20.96,30.42,23.23,6502.59,5617.47
12156.00,11.98,20.96,30.42,23.23,6502.59,5617.47
12160.00,11.98,20.96,30.42,23.23,6502.59,5617.47
12163.00,11.98,20.96,30.42,23.23,6502.59,5617.47
12166.00,11.98,20.96,30.42,23.23,6502.59,5617.47
12169.00,11.98,20.96,30.42,23.23,6502.59,5617.47
12173.00,11.98,20.96,30.42,23.23,6502.59,5617.47
12176.00,11.98,20.96,30.42,23.23,6502.59,5617.47
12179.00,11.98,20.96,30.42,23.23,6502.59,5617.47
12182.00,11.98,20.96,30.42,23.23,6502.59,5617.47
12185.00,11.98,20.96,30.42,23.23,6502.59,5617.47
12188.00,11.98,20.96,30.42,23.23,6502.59,5617.47
12191.00,11.98,20.96,30.42,23.23,6502.59,5617.47
12194.00,15.27,18.33,27.78,25.34,6537.32,5649.15
12197.00,15.27,18.33,27.78,25.34,6537.32,5649.15
12200.00,15.27,18.33,27.78,25.34,6537.32,5649.15
12204.00,15.27,18.33,27.78,25.34,6537.32,5649.15
12207.00,15.27,18.33,27.78,25.34,6537.32,5649.15
12211.00,15.27,18.33,27.78,25.34,6537.32,5649.15
12214.00,15.27,18.33,27.78,25.34,6537.32,5649.15
12217.00,15.27,18.33,27.78,25.34,6537.32,5649.15
12220.00,15.27,18.33,27.78,25.34,6537.32,5649.15
12223.00,15.27,18.33,27.78,25.34,6537.32,5649.15
12226.00,15.27,18.33,27.78,25.34,6537.32,5649.15
12229.00,15.27,18.33,27.78,25.34,6537.32,5649.15
12232.00,15.27,18.33,27.78,25.34,6537.32,5649.15
12235.00,15.27,18.33,27.78,25.34,6537.32,5649.15
12238.00,15.27,18.33,27.78,25.34,6537.32,5649.15
12241.00,15.27,18.33,27.78,25.34,6537.32,5649.15
12246.00,15.27,21.38,27.78,22.90,6572.05,5677.77
12249.00,15.27,21.38,27.78,22.90,6572.05,5677.77
12252.00,15.27,21.38,27.78,22.90,6572.05,5677.77
12255.00,15.27,21.38,27.78,22.90,6572.05,5677.77
12258.00,15.27,21.38,27.78,22.90,6572.05,5677.77
12261.00,15.27,21.38,27.78,22.90,6572.05,5677.77
12264.00,15.27,21.38,27.78,22.90,6572.05,5677.77
12267.00,15.27,21.38,27.78,22.90,6572.05,5677.77
12270.00,15.27,21.38,27.78,22.90,6572.05,5677.77
12273.00,15.27,21.38,27.78,22.90,6572.05,5677.77
12276.00,15.27,21.38,27.78,22.90,6572.05,5677.77
12279.00,15.27,21.38,27.78,22.90,6572.05,5677.77
12282.00,15.27,21.38,27.78,22.90,6572.05,5677.77
12285.00,15.27,21.38,27.78,22.90,6572.05,5677.77
12289.00,15.27,21.38,27.78,22.90,6572.05,5677.77
12292.00,15.27,21.38,27.78,22.90,6572.05,5677.77
12296.00,11.98,17.97,30.42,25.63,6610.07,5709.80
12299.00,11.98,17.97,30.42,25.63,6610.07,5709.80
12302.00,11.98,17.97,30.42,25.63,6610.07,5709.80
12305.00,11.98,17.97,30.42,25.63,6610.07,5709.80
12308.00,11.98,17.97,30.42,25.63,6610.07,5709.80
12311.00,11.98,17.97,30.42,25.63,6610.07,5709.80
12314.00,11.98,17.97,30.42,25.63,6610.07,5709.80
12317.00,11.98,17.97,30.42,25.63,6610.07,5709.80
12320.00,11.98,17.97,30.42,25.63,6610.07,5709.80
12323.00,11.98,17.97,30.42,25.63,6610.07,5709.80
12326.00,11.98,17.97,30.42,25.63,6610.07,5709.80
12329.00,11.98,17.97,30.42,25.63,6610.07,5709.80
12333.00,11.98,17.97,30.42,25.63,6610.07,5709.80
12336.00,11.98,17.97,30.42,25.63,6610.07,5709.80
12339.00,11.98,17.97,30.42,25.63,6610.07,5709.80
12342.00,11.98,17.97,30.42,25.63,6610.07,5709.80
12346.00,15.27,18.33,27.78,25.34,6644.80,5741.47
12349.00,15.27,18.33,27.78,25.34,6644.80,5741.47
12352.00,15.27,18.33,27.78,25.34,6644.80,5741.47
12355.00,15.27,18.33,27.78,25.34,6644.80,5741.47
12358.00,15.27,18.33,27.78,25.34,6644.80,5741.47
12361.00,15.27,18.33,27.78,25.34,6644.80,5741.47
12364.00,15.27,18.33,27.78,25.34,6644.80,5741.47
12367.00,15.27,18.33,27.78,25.34,6644.80,5741.47
12370.00,15.27,18.33,27.78,25.34,6644.80,5741.47
12374.00,15.27,18.33,27.78,25.34,6644.80,5741.47
12377.00,15.27,18.33,27.78,25.34,6644.80,5741.47
12380.00,15.27,18.33,27.78,25.34,6644.80,5741.47
12384.00,15.27,18.33,27.78,25.34,6644.80,5741.47
12387.00,15.27,18.33,27.78,25.34,6644.80,5741.47
12390.00,15.27,18.33,27.78,25.34,6644.80,5741.47
12393.00,15.27,18.33,27.78,25.34,6644.80,5741.47
12396.00,14.97,17.97,28.02,25.63,6679.83,5773.51
12399.00,14.97,17.97,28.02,25.63,6679.83,5773.51
12402.00,14.97,17.97,28.02,25.63,6679.83,5773.51
12405.00,14.97,17.97,28.02,25.63,6679.83,5773.51
12408.00,14.97,17.97,28.02,25.63,6679.83,5773.51
12411.00,14.97,17.97,28.02,25.63,6679.83,5773.51
12414.00,14.97,17.97,28.02,25.63,6679.83,5773.51
12418.00,14.97,17.97,28.02,25.63,6679.83,5773.51
12422.00,14.97,17.97,28.02,25.63,6679.83,5773.51
12425.00,14.97,17.97,28.02,25.63,6679.83,5773.51
12428.00,14.97,17.97,28.02,25.63,6679.83,5773.51
12431.00,14.97,17.97,28.02,25.63,6679.83,5773.51
12434.00,14.97,17.97,28.02,25.63,6679.83,5773.51
12437.00,14.97,17.97,28.02,25.63,6679.83,5773.51
12440.00,14.97,17.97,28.02,25.63,6679.83,5773.51
12443.00,14.97,17.97,28.02,25.63,6679.83,5773.51
12446.00,12.22,21.38,30.23,22.90,6717.61,5802.13
12449.00,12.22,21.38,30.23,22.90,6717.61,5802.13
12452.00,12.22,21.38,30.23,22.90,6717.61,5802.13
12455.00,12.22,21.38,30.23,22.90,6717.61,5802.13
12460.00,12.22,21.38,30.23,22.90,6717.61,5802.13
12463.00,12.22,21.38,30.23,22.90,6717.61,5802.13
12466.00,12.22,21.38,30.23,22.90,6717.61,5802.13
12469.00,12.22,21.38,30.23,22.90,6717.61,5802.13
12472.00,12.22,21.38,30.23,22.90,6717.61,5802.13
12475.00,12.22,21.38,30.23,22.90,6717.61,5802.13
12478.00,12.22,21.38,30.23,22.90,6717.61,5802.13
12481.00,12.22,21.38,30.23,22.90,6717.61,5802.13
12484.00,12.22,21.38,30.23,22.90,6717.61,5802.13
12487.00,12.22,21.38,30.23,22.90,6717.61,5802.13
12490.00,12.22,21.38,30.23,22.90,6717.61,5802.13
12493.00,12.22,21.38,30.23,22.90,6717.61,5802.13
12497.00,15.27,18.33,27.78,25.34,6752.34,5833.80
12500.00,15.27,18.33,27.78,25.34,6752.34,5833.80
12504.00,15.27,18.33,27.78,25.34,6752.34,5833.80
12507.00,15.27,18.33,27.78,25.34,6752.34,5833.80
12510.00,15.27,18.33,27.78,25.34,6752.34,5833.80
12513.00,15.27,18.33,27.78,25.34,6752.34,5833.80
12516.00,15.27,18.33,27.78,25.34,6752.34,5833.80
12519.00,15.27,18.33,27.78,25.34,6752.34,5833.80
12522.00,15.27,18.33,27.78,25.34,6752.34,5833.80
12525.00,15.27,18.33,27.78,25.34,6752.34,5833.80
12528.00,15.27,18.33,27.78,25.34,6752.34,5833.80
12531.00,15.27,18.33,27.78,25.34,6752.34,5833.80
12534.00,15.27,18.33,27.78,25.34,6752.34,5833.80
12537.00,15.27,18.33,27.78,25.34,6752.34,5833.80
12540.00,15.27,18.33,27.78,25.34,6752.34,5833.80
12545.00,15.27,18.33,27.78,25.34,6752.34,5833.80
12548.00,14.97,17.97,28.02,25.63,6787.37,5865.83
12551.00,14.97,17.97,28.02,25.63,6787.37,5865.83
12554.00,14.97,17.97,28.02,25.63,6787.37,5865.83
12557.00,14.97,17.97,28.02,25.63,6787.37,5865.83
12560.00,14.97,17.97,28.02,25.63,6787.37,5865.83
12563.00,14.97,17.97,28.02,25.63,6787.37,5865.83
12566.00,14.97,17.97,28.02,25.63,6787.37,5865.83
12569.00,14.97,17.97,28.02,25.63,6787.37,5865.83
12572.00,14.97,17.97,28.02,25.63,6787.37,5865.83
12575.00,14.97,17.97,28.02,25.63,6787.37,5865.83
12578.00,14.97,17.97,28.02,25.63,6787.37,5865.83
12582.00,14.97,17.97,28.02,25.63,6787.37,5865.83
12585.00,14.97,17.97,28.02,25.63,6787.37,5865.83
12589.00,14.97,17.97,28.02,25.63,6787.37,5865.83
12592.00,14.97,17.97,28.02,25.63,6787.37,5865.83
12595.00,14.97,17.97,28.02,25.63,6787.37,5865.83
12598.00,11.98,20.96,30.42,23.23,6825.39,5894.87
12601.00,11.98,20.96,30.42,23.23,6825.39,5894.87
12604.00,11.98,20.96,30.42,23.23,6825.39,5894.87
12607.00,11.98,20.96,30.42,23.23,6825.39,5894.87
12610.00,11.98,20.96,30.42,23.23,6825.39,5894.87
12613.00,11.98,20.96,30.42,23.23,6825.39,5894.87
12616.00,11.98,20.96,30.42,23.23,6825.39,5894.87
12620.00,11.98,20.96,30.42,23.23,6825.39,5894.87
12623.00,11.98,20.96,30.42,23.23,6825.39,5894.87
12626.00,11.98,20.96,30.42,23.23,6825.39,5894.87
12630.00,11.98,20.96,30.42,23.23,6825.39,5894.87
12633.00,11.98,20.96,30.42,23.23,6825.39,5894.87
12636.00,11.98,20.96,30.42,23.23,6825.39,5894.87
12639.00,11.98,20.96,30.42,23.23,6825.39,5894.87
12642.00,11.98,20.96,30.42,23.23,6825.39,5894.87
12645.00,11.98,20.96,30.42,23.23,6825.39,5894.87
12648.00,15.27,18.33,27.78,25.34,6860.12,5926.55
12651.00,15.27,18.33,27.78,25.34,6860.12,5926.55
12654.00,15.27,18.33,27.78,25.34,6860.12,5926.55
12658.00,15.27,18.33,27.78,25.34,6860.12,5926.55
12661.00,15.27,18.33,27.78,25.34,6860.12,5926.55
12664.00,15.27,18.33,27.78,25.34,6860.12,5926.55
12667.00,15.27,18.33,27.78,25.34,6860.12,5926.55
12670.00,15.27,18.33,27.78,25.34,6860.12,5926.55
12674.00,15.27,18.33,27.78,25.34,6860.12,5926.55
12677.00,15.27,18.33,27.78,25.34,6860.12,5926.55
12680.00,15.27,18.33,27.78,25.34,6860.12,5926.55
12683.00,15.27,18.33,27.78,25.34,6860.12,5926.55
12686.00,15.27,18.33,27.78,25.34,6860.12,5926.55
12689.00,15.27,18.33,27.78,25.34,6860.12,5926.55
12692.00,15.27,18.33,27.78,25.34,6860.12,5926.55
12695.00,15.27,18.33,27.78,25.34,6860.12,5926.55
12699.00,15.27,18.33,27.78,25.34,6894.85,5958.22
12702.00,15.27,18.33,27.78,25.34,6894.85,5958.22
12705.00,15.27,18.33,27.78,25.34,6894.85,5958.22
12708.00,15.27,18.33,27.78,25.34,6894.85,5958.22
12711.00,15.27,18.33,27.78,25.34,6894.85,5958.22
12715.00,15.27,18.33,27.78,25.34,6894.85,5958.22
12718.00,15.27,18.33,27.78,25.34,6894.85,5958.22
12721.00,15.27,18.33,27.78,25.34,6894.85,5958.22
12724.00,15.27,18.33,27.78,25.34,6894.85,5958.22
12727.00,15.27,18.33,27.78,25.34,6894.85,5958.22
12730.00,15.27,18.33,27.78,25.34,6894.85,5958.22
12733.00,15.27,18.33,27.78,25.34,6894.85,5958.22
12737.00,15.27,18.33,27.78,25.34,6894.85,5958.22
12740.00,15.27,18.33,27.78,25.34,6894.85,5958.22
12743.00,15.27,18.33,27.78,25.34,6894.85,5958.22
12746.00,15.27,18.33,27.78,25.34,6894.85,5958.22
12749.00,11.98,20.96,30.42,23.23,6932.87,5987.26
12752.00,11.98,20.96,30.42,23.23,6932.87,5987.26
12755.00,11.98,20.96,30.42,23.23,6932.87,5987.26
12759.00,11.98,20.96,30.42,23.23,6932.87,5987.26
12762.00,11.98,20.96,30.42,23.23,6932.87,5987.26
12765.00,11.98,20.96,30.42,23.23,6932.87,5987.26
12768.00,11.98,20.96,30.42,23.23,6932.87,5987.26
12772.00,11.98,20.96,30.42,23.23,6932.87,5987.26
12775.00,11.98,20.96,30.42,23.23,6932.87,5987.26
12778.00,11.98,20.96,30.42,23.23,6932.87,5987.26
12781.00,11.98,20.96,30.42,23.23,6932.87,5987.26
12784.00,11.98,20.96,30.42,23.23,6932.87,5987.26
12787.00,11.98,20.96,30.42,23.23,6932.87,5987.26
12790.00,11.98,20.96,30.42,23.23,6932.87,5987.26
12793.00,11.98,20.96,30.42,23.23,6932.87,5987.26
12796.00,11.98,20.96,30.42,23.23,6932.87,5987.26
12800.00,14.97,20.96,28.02,23.23,6967.90,6016.30
12803.00,14.97,20.96,28.02,23.23,6967.90,6016.30
12806.00,14.97,20.96,28.02,23.23,6967.90,6016.30
12809.00,14.97,20.96,28.02,23.23,6967.90,6016.30
12813.00,14.97,20.96,28.02,23.23,6967.90,6016.30
12816.00,14.97,20.96,28.02,23.23,6967.90,6016.30
12819.00,14.97,20.96,28.02,23.23,6967.90,6016.30
12822.00,14.97,20.96,28.02,23.23,6967.90,6016.30
12825.00,14.97,20.96,28.02,23.23,6967.90,6016.30
12828.00,14.97,20.96,28.02,23.23,6967.90,6016.30
12831.00,14.97,20.96,28.02,23.23,6967.90,6016.30
12834.00,14.97,20.96,28.02,23.23,6967.90,6016.30
12837.00,14.97,20.96,28.02,23.23,6967.90,6016.30
12840.00,14.97,20.96,28.02,23.23,6967.90,6016.30
12844.00,14.97,20.96,28.02,23.23,6967.90,6016.30
12847.00,14.97,20.96,28.02,23.23,6967.90,6016.30
12850.00,12.22,15.27,30.23,27.78,7005.68,6051.03
12853.00,12.22,15.27,30.23,27.78,7005.68,6051.03
12856.00,12.22,15.27,30.23,27.78,7005.68,6051.03
12860.00,12.22,15.27,30.23,27.78,7005.68,6051.03
12863.00,12.22,15.27,30.23,27.78,7005.68,6051.03
12866.00,12.22,15.27,30.23,27.78,7005.68,6051.03
12869.00,12.22,15.27,30.23,27.78,7005.68,6051.03
12872.00,12.22,15.27,30.23,27.78,7005.68,6051.03
12875.00,12.22,15.27,30.23,27.78,7005.68,6051.03
12878.00,12.22,15.27,30.23,27.78,7005.68,6051.03
12881.00,12.22,15.27,30.23,27.78,7005.68,6051.03
12884.00,12.22,15.27,30.23,27.78,7005.68,6051.03
12888.00,12.22,15.27,30.23,27.78,7005.68,6051.03
12891.00,12.22,15.27,30.23,27.78,7005.68,6051.03
12894.00,12.22,15.27,30.23,27.78,7005.68,6051.03
12897.00,12.22,15.27,30.23,27.78,7005.68,6051.03
12901.00,15.27,21.38,27.78,22.90,7040.41,6079.65
12904.00,15.27,21.38,27.78,22.90,7040.41,6079.65
12907.00,15.27,21.38,27.78,22.90,7040.41,6079.65
12910.00,15.27,21.38,27.78,22.90,7040.41,6079.65
12913.00,15.27,21.38,27.78,22.90,7040.41,6079.65
12916.00,15.27,21.38,27.78,22.90,7040.41,6079.65
12919.00,15.27,21.38,27.78,22.90,7040.41,6079.65
12922.00,15.27,21.38,27.78,22.90,7040.41,6079.65
12925.00,15.27,21.38,27.78,22.90,7040.41,6079.65
12929.00,15.27,21.38,27.78,22.90,7040.41,6079.65
12932.00,15.27,21.38,27.78,22.90,7040.41,6079.65
12935.00,15.27,21.38,27.78,22.90,7040.41,6079.65
12938.00,15.27,21.38,27.78,22.90,7040.41,6079.65
12941.00,15.27,21.38,27.78,22.90,7040.41,6079.65
12944.00,15.27,21.38,27.78,22.90,7040.41,6079.65
12948.00,15.27,21.38,27.78,22.90,7040.41,6079.65
12951.00,15.27,18.33,27.78,25.34,7075.14,6111.32
12954.00,15.27,18.33,27.78,25.34,7075.14,6111.32
12957.00,15.27,18.33,27.78,25.34,7075.14,6111.32
12960.00,15.27,18.33,27.78,25.34,7075.14,6111.32
12963.00,15.27,18.33,27.78,25.34,7075.14,6111.32
12966.00,15.27,18.33,27.78,25.34,7075.14,6111.32
12969.00,15.27,18.33,27.78,25.34,7075.14,6111.32
12973.00,15.27,18.33,27.78,25.34,7075.14,6111.32
12976.00,15.27,18.33,27.78,25.34,7075.14,6111.32
12979.00,15.27,18.33,27.78,25.34,7075.14,6111.32
12983.00,15.27,18.33,27.78,25.34,7075.14,6111.32
12986.00,15.27,18.33,27.78,25.34,7075.14,6111.32
12989.00,15.27,18.33,27.78,25.34,7075.14,6111.32
12992.00,15.27,18.33,27.78,25.34,7075.14,6111.32
12995.00,15.27,18.33,27.78,25.34,7075.14,6111.32
12998.00,15.27,18.33,27.78,25.34,7075.14,6111.32
13001.00,14.97,20.96,28.02,23.23,7110.16,6140.36
13004.00,14.97,20.96,28.02,23.23,7110.16,6140.36
13007.00,14.97,20.96,28.02,23.23,7110.16,6140.36
13010.00,14.97,20.96,28.02,23.23,7110.16,6140.36
13014.00,14.97,20.96,28.02,23.23,7110.16,6140.36
13018.00,14.97,20.96,28.02,23.23,7110.16,6140.36
13021.00,14.97,20.96,28.02,23.23,7110.16,6140.36
13024.00,14.97,20.96,28.02,23.23,7110.16,6140.36
13027.00,14.97,20.96,28.02,23.23,7110.16,6140.36
13030.00,14.97,20.96,28.02,23.23,7110.16,6140.36
13033.00,14.97,20.96,28.02,23.23,7110.16,6140.36
13036.00,14.97,20.96,28.02,23.23,7110.16,6140.36
13039.00,14.97,20.96,28.02,23.23,7110.16,6140.36
13042.00,14.97,20.96,28.02,23.23,7110.16,6140.36
13045.00,14.97,20.96,28.02,23.23,7110.16,6140.36
13048.00,14.97,20.96,28.02,23.23,7110.16,6140.36
13051.00,12.22,18.33,30.23,25.34,7147.95,6172.03
13054.00,12.22,18.33,30.23,25.34,7147.95,6172.03
13059.00,12.22,18.33,30.23,25.34,7147.95,6172.03
13062.00,12.22,18.33,30.23,25.34,7147.95,6172.03
13065.00,12.22,18.33,30.23,25.34,7147.95,6172.03
13068.00,12.22,18.33,30.23,25.34,7147.95,6172.03
13071.00,12.22,18.33,30.23,25.34,7147.95,6172.03
13074.00,12.22,18.33,30.23,25.34,7147.95,6172.03
13077.00,12.22,18.33,30.23,25.34,7147.95,6172.03
13080.00,12.22,18.33,30.23,25.34,7147.95,6172.03
13083.00,12.22,18.33,30.23,25.34,7147.95,6172.03
13086.00,12.22,18.33,30.23,25.34,7147.95,6172.03
13089.00,12.22,18.33,30.23,25.34,7147.95,6172.03
13092.00,12.22,18.33,30.23,25.34,7147.95,6172.03
13095.00,12.22,18.33,30.23,25.34,7147.95,6172.03
13099.00,12.22,18.33,30.23,25.34,7147.95,6172.03
13103.00,14.97,17.97,28.02,25.63,7182.98,6204.07
13106.00,14.97,17.97,28.02,25.63,7182.98,6204.07
13109.00,14.97,17.97,28.02,25.63,7182.98,6204.07
13112.00,14.97,17.97,28.02,25.63,7182.98,6204.07
13115.00,14.97,17.97,28.02,25.63,7182.98,6204.07
13118.00,14.97,17.97,28.02,25.63,7182.98,6204.07
13121.00,14.97,17.97,28.02,25.63,7182.98,6204.07
13124.00,14.97,17.97,28.02,25.63,7182.98,6204.07
13127.00,14.97,17.97,28.02,25.63,7182.98,6204.07
13130.00,14.97,17.97,28.02,25.63,7182.98,6204.07
13133.00,14.97,17.97,28.02,25.63,7182.98,6204.07
13136.00,14.97,17.97,28.02,25.63,7182.98,6204.07
13139.00,14.97,17.97,28.02,25.63,7182.98,6204.07
13144.00,14.97,17.97,28.02,25.63,7182.98,6204.07
13147.00,14.97,17.97,28.02,25.63,7182.98,6204.07
13150.00,14.97,17.97,28.02,25.63,7182.98,6204.07
13153.00,14.97,20.96,28.02,23.23,7218.00,6233.11
13156.00,14.97,20.96,28.02,23.23,7218.00,6233.11
13159.00,14.97,20.96,28.02,23.23,7218.00,6233.11
13162.00,14.97,20.96,28.02,23.23,7218.00,6233.11
13165.00,14.97,20.96,28.02,23.23,7218.00,6233.11
13168.00,14.97,20.96,28.02,23.23,7218.00,6233.11
13171.00,14.97,20.96,28.02,23.23,7218.00,6233.11
13174.00,14.97,20.96,28.02,23.23,7218.00,6233.11
13177.00,14.97,20.96,28.02,23.23,7218.00,6233.11
13180.00,14.97,20.96,28.02,23.23,7218.00,6233.11
13184.00,14.97,20.96,28.02,23.23,7218.00,6233.11
13187.00,14.97,20.96,28.02,23.23,7218.00,6233.11
13191.00,14.97,20.96,28.02,23.23,7218.00,6233.11
13194.00,14.97,20.96,28.02,23.23,7218.00,6233.11
13197.00,14.97,20.96,28.02,23.23,7218.00,6233.11
13200.00,14.97,20.96,28.02,23.23,7218.00,6233.11
13203.00,12.22,18.33,30.23,25.34,7255.79,6264.78
13206.00,12.22,18.33,30.23,25.34,7255.79,6264.78
13209.00,12.22,18.33,30.23,25.34,7255.79,6264.78
13212.00,12.22,18.33,30.23,25.34,7255.79,6264.78
13215.00,12.22,18.33,30.23,25.34,7255.79,6264.78
13218.00,12.22,18.33,30.23,25.34,7255.79,6264.78
13221.00,12.22,18.33,30.23,25.34,7255.79,6264.78
13225.00,12.22,18.33,30.23,25.34,7255.79,6264.78
13229.00,12.22,18.33,30.23,25.34,7255.79,6264.78
13232.00,12.22,18.33,30.23,25.34,7255.79,6264.78
13235.00,12.22,18.33,30.23,25.34,7255.79,6264.78
13238.00,12.22,18.33,30.23,25.34,7255.79,6264.78
13241.00,12.22,18.33,30.23,25.34,7255.79,6264.78
13244.00,12.22,18.33,30.23,25.34,7255.79,6264.78
13247.00,12.22,18.33,30.23,25.34,7255.79,6264.78
13250.00,12.22,18.33,30.23,25.34,7255.79,6264.78
13253.00,15.27,21.38,27.78,22.90,7290.51,6293.40
13256.00,15.27,21.38,27.78,22.90,7290.51,6293.40
13260.00,15.27,21.38,27.78,22.90,7290.51,6293.40
13263.00,15.27,21.38,27.78,22.90,7290.51,6293.40
13266.00,15.27,21.38,27.78,22.90,7290.51,6293.40
13270.00,15.27,21.38,27.78,22.90,7290.51,6293.40
13273.00,15.27,21.38,27.78,22.90,7290.51,6293.40
13276.00,15.27,21.38,27.78,22.90,7290.51,6293.40
13279.00,15.27,21.38,27.78,22.90,7290.51,6293.40
13282.00,15.27,21.38,27.78,22.90,7290.51,6293.40
13285.00,15.27,21.38,27.78,22.90,7290.51,6293.40
13288.00,15.27,21.38,27.78,22.90,7290.51,6293.40
13291.00,15.27,21.38,27.78,22.90,7290.51,6293.40
13294.00,15.27,21.38,27.78,22.90,7290.51,6293.40
13297.00,15.27,21.38,27.78,22.90,7290.51,6293.40
13300.00,15.27,21.38,27.78,22.90,7290.51,6293.40
13304.00,15.27,15.27,27.78,27.78,7325.24,6328.13
13307.00,15.27,15.27,27.78,27.78,7325.24,6328.13
13310.00,15.27,15.27,27.78,27.78,7325.24,6328.13
13314.00,15.27,15.27,27.78,27.78,7325.24,6328.13
13317.00,15.27,15.27,27.78,27.78,7325.24,6328.13
13320.00,15.27,15.27,27.78,27.78,7325.24,6328.13
13323.00,15.27,15.27,27.78,27.78,7325.24,6328.13
13326.00,15.27,15.27,27.78,27.78,7325.24,6328.13
13329.00,15.27,15.27,27.78,27.78,7325.24,6328.13
13332.00,15.27,15.27,27.78,27.78,7325.24,6328.13
13335.00,15.27,15.27,27.78,27.78,7325.24,6328.13
13338.00,15.27,15.27,27.78,27.78,7325.24,6328.13
13341.00,15.27,15.27,27.78,27.78,7325.24,6328.13
13344.00,15.27,15.27,27.78,27.78,7325.24,6328.13
13348.00,15.27,15.27,27.78,27.78,7325.24,6328.13
13351.00,15.27,15.27,27.78,27.78,7325.24,6328.13
13355.00,12.22,21.38,30.23,22.90,7363.03,6356.75
13358.00,12.22,21.38,30.23,22.90,7363.03,6356.75
13361.00,12.22,21.38,30.23,22.90,7363.03,6356.75
13364.00,12.22,21.38,30.23,22.90,7363.03,6356.75
13367.00,12.22,21.38,30.23,22.90,7363.03,6356.75
13370.00,12.22,21.38,30.23,22.90,7363.03,6356.75
13373.00,12.22,21.38,30.23,22.90,7363.03,6356.75
13376.00,12.22,21.38,30.23,22.90,7363.03,6356.75
13379.00,12.22,21.38,30.23,22.90,7363.03,6356.75
13382.00,12.22,21.38,30.23,22.90,7363.03,6356.75
13385.00,12.22,21.38,30.23,22.90,7363.03,6356.75
13389.00,12.22,21.38,30.23,22.90,7363.03,6356.75
13392.00,12.22,21.38,30.23,22.90,7363.03,6356.75
13395.00,12.22,21.38,30.23,22.90,7363.03,6356.75
13399.00,12.22,21.38,30.23,22.90,7363.03,6356.75
13402.00,12.22,21.38,30.23,22.90,7363.03,6356.75
13405.00,14.68,20.56,28.25,23.55,7398.34,6386.19
13408.00,14.68,20.56,28.25,23.55,7398.34,6386.19
13411.00,14.68,20.56,28.25,23.55,7398.34,6386.19
13414.00,14.68,20.56,28.25,23.55,7398.34,6386.19
13417.00,14.68,20.56,28.25,23.55,7398.34,6386.19
13420.00,14.68,20.56,28.25,23.55,7398.34,6386.19
13423.00,14.68,20.56,28.25,23.55,7398.34,6386.19
13427.00,14.68,20.56,28.25,23.55,7398.34,6386.19
13430.00,14.68,20.56,28.25,23.55,7398.34,6386.19
13433.00,14.68,20.56,28.25,23.55,7398.34,6386.19
13436.00,14.68,20.56,28.25,23.55,7398.34,6386.19