13169.00,21.38,21.38,17.17,17.17,4338.93,4181.54
13173.00,21.38,21.38,17.17,17.17,4338.93,4181.54
13176.00,21.38,21.38,17.17,17.17,4338.93,4181.54
13179.00,21.38,21.38,17.17,17.17,4338.93,4181.54
13182.00,21.38,21.38,17.17,17.17,4338.93,4181.54
13186.00,21.38,21.38,17.17,17.17,4338.93,4181.54
13189.00,21.38,21.38,17.17,17.17,4338.93,4181.54
13192.00,21.38,21.38,17.17,17.17,4338.93,4181.54
13195.00,21.38,21.38,17.17,17.17,4338.93,4181.54
13198.00,21.38,21.38,17.17,17.17,4338.93,4181.54
13201.00,21.38,21.38,17.17,17.17,4338.93,4181.54
13204.00,21.38,21.38,17.17,17.17,4338.93,4181.54
13207.00,21.38,21.38,17.17,17.17,4338.93,4181.54
13210.00,21.38,21.38,17.17,17.17,4338.93,4181.54
13214.00,15.27,18.33,20.84,19.00,4373.66,4213.21
13217.00,15.27,18.33,20.84,19.00,4373.66,4213.21
13220.00,15.27,18.33,20.84,19.00,4373.66,4213.21
13223.00,15.27,18.33,20.84,19.00,4373.66,4213.21
13227.00,15.27,18.33,20.84,19.00,4373.66,4213.21
13230.00,15.27,18.33,20.84,19.00,4373.66,4213.21
13233.00,15.27,18.33,20.84,19.00,4373.66,4213.21
13236.00,15.27,18.33,20.84,19.00,4373.66,4213.21
13239.00,15.27,18.33,20.84,19.00,4373.66,4213.21
13242.00,15.27,18.33,20.84,19.00,4373.66,4213.21
13245.00,15.27,18.33,20.84,19.00,4373.66,4213.21
13248.00,15.27,18.33,20.84,19.00,4373.66,4213.21
13251.00,15.27,18.33,20.84,19.00,4373.66,4213.21
13254.00,15.27,18.33,20.84,19.00,4373.66,4213.21
13257.00,15.27,18.33,20.84,19.00,4373.66,4213.21
13261.00,15.27,18.33,20.84,19.00,4373.66,4213.21
13264.00,18.33,21.38,19.00,17.17,4405.34,4241.83
13267.00,18.33,21.38,19.00,17.17,4405.34,4241.83
13271.00,18.33,21.38,19.00,17.17,4405.34,4241.83
13274.00,18.33,21.38,19.00,17.17,4405.34,4241.83
13277.00,18.33,21.38,19.00,17.17,4405.34,4241.83
13280.00,18.33,21.38,19.00,17.17,4405.34,4241.83
13283.00,18.33,21.38,19.00,17.17,4405.34,4241.83
13286.00,18.33,21.38,19.00,17.17,4405.34,4241.83
13289.00,18.33,21.38,19.00,17.17,4405.34,4241.83
13292.00,18.33,21.38,19.00,17.17,4405.34,4241.83
13295.00,18.33,21.38,19.00,17.17,4405.34,4241.83
13299.00,18.33,21.38,19.00,17.17,4405.34,4241.83
13302.00,18.33,21.38,19.00,17.17,4405.34,4241.83
13305.00,18.33,21.38,19.00,17.17,4405.34,4241.83
13308.00,18.33,21.38,19.00,17.17,4405.34,4241.83
13312.00,18.33,21.38,19.00,17.17,4405.34,4241.83
13315.00,20.56,17.62,17.67,19.43,4434.78,4274.21
13318.00,20.56,17.62,17.67,19.43,4434.78,4274.21
13321.00,20.56,17.62,17.67,19.43,4434.78,4274.21
13324.00,20.56,17.62,17.67,19.43,4434.78,4274.21
13327.00,20.56,17.62,17.67,19.43,4434.78,4274.21
13330.00,20.56,17.62,17.67,19.43,4434.78,4274.21
13333.00,20.56,17.62,17.67,19.43,4434.78,4274.21
13337.00,20.56,17.62,17.67,19.43,4434.78,4274.21
13340.00,20.56,17.62,17.67,19.43,4434.78,4274.21
13343.00,20.56,17.62,17.67,19.43,4434.78,4274.21
13346.00,20.56,17.62,17.67,19.43,4434.78,4274.21
13349.00,20.56,17.62,17.67,19.43,4434.78,4274.21
13352.00,20.56,17.62,17.67,19.43,4434.78,4274.21
13356.00,20.56,17.62,17.67,19.43,4434.78,4274.21
13359.00,20.56,17.62,17.67,19.43,4434.78,4274.21
13362.00,20.56,17.62,17.67,19.43,4434.78,4274.21
13365.00,15.27,18.33,20.84,19.00,4469.51,4305.88
13369.00,15.27,18.33,20.84,19.00,4469.51,4305.88
13372.00,15.27,18.33,20.84,19.00,4469.51,4305.88
13375.00,15.27,18.33,20.84,19.00,4469.51,4305.88
13378.00,15.27,18.33,20.84,19.00,4469.51,4305.88
13381.00,15.27,18.33,20.84,19.00,4469.51,4305.88
13384.00,15.27,18.33,20.84,19.00,4469.51,4305.88
13387.00,15.27,18.33,20.84,19.00,4469.51,4305.88
13390.00,15.27,18.33,20.84,19.00,4469.51,4305.88
13393.00,15.27,18.33,20.84,19.00,4469.51,4305.88
13396.00,15.27,18.33,20.84,19.00,4469.51,4305.88
13400.00,15.27,18.33,20.84,19.00,4469.51,4305.88
13403.00,15.27,18.33,20.84,19.00,4469.51,4305.88
13406.00,15.27,18.33,20.84,19.00,4469.51,4305.88
13409.00,15.27,18.33,20.84,19.00,4469.51,4305.88
13412.00,15.27,18.33,20.84,19.00,4469.51,4305.88
13416.00,18.33,21.38,19.00,17.17,4501.18,4334.50
13419.00,18.33,21.38,19.00,17.17,4501.18,4334.50
13422.00,18.33,21.38,19.00,17.17,4501.18,4334.50
13425.00,18.33,21.38,19.00,17.17,4501.18,4334.50
13428.00,18.33,21.38,19.00,17.17,4501.18,4334.50
13431.00,18.33,21.38,19.00,17.17,4501.18,4334.50
13434.00,18.33,21.38,19.00,17.17,4501.18,4334.50
13437.00,18.33,21.38,19.00,17.17,4501.18,4334.50
13441.00,18.33,21.38,19.00,17.17,4501.18,4334.50
13444.00,18.33,21.38,19.00,17.17,4501.18,4334.50
13447.00,18.33,21.38,19.00,17.17,4501.18,4334.50
13450.00,18.33,21.38,19.00,17.17,4501.18,4334.50
13453.00,18.33,21.38,19.00,17.17,4501.18,4334.50
13456.00,18.33,21.38,19.00,17.17,4501.18,4334.50
13459.00,18.33,21.38,19.00,17.17,4501.18,4334.50
13462.00,18.33,21.38,19.00,17.17,4501.18,4334.50
13466.00,21.38,21.38,17.17,17.17,4529.80,4363.12
13469.00,21.38,21.38,17.17,17.17,4529.80,4363.12
13472.00,21.38,21.38,17.17,17.17,4529.80,4363.12
13475.00,21.38,21.38,17.17,17.17,4529.80,4363.12
13478.00,21.38,21.38,17.17,17.17,4529.80,4363.12
13481.00,21.38,21.38,17.17,17.17,4529.80,4363.12
13485.00,21.38,21.38,17.17,17.17,4529.80,4363.12
13488.00,21.38,21.38,17.17,17.17,4529.80,4363.12
13491.00,21.38,21.38,17.17,17.17,4529.80,4363.12
13494.00,21.38,21.38,17.17,17.17,4529.80,4363.12
13497.00,21.38,21.38,17.17,17.17,4529.80,4363.12
13500.00,21.38,21.38,17.17,17.17,4529.80,4363.12
13503.00,21.38,21.38,17.17,17.17,4529.80,4363.12
13507.00,21.38,21.38,17.17,17.17,4529.80,4363.12
13510.00,21.38,21.38,17.17,17.17,4529.80,4363.12
13513.00,21.38,21.38,17.17,17.17,4529.80,4363.12
13516.00,14.97,17.97,21.02,19.22,4564.83,4395.15
13519.00,14.97,17.97,21.02,19.22,4564.83,4395.15
13522.00,14.97,17.97,21.02,19.22,4564.83,4395.15
13526.00,14.97,17.97,21.02,19.22,4564.83,4395.15
13529.00,14.97,17.97,21.02,19.22,4564.83,4395.15
13532.00,14.97,17.97,21.02,19.22,4564.83,4395.15
13535.00,14.97,17.97,21.02,19.22,4564.83,4395.15
13538.00,14.97,17.97,21.02,19.22,4564.83,4395.15
13541.00,14.97,17.97,21.02,19.22,4564.83,4395.15
13545.00,14.97,17.97,21.02,19.22,4564.83,4395.15
13548.00,14.97,17.97,21.02,19.22,4564.83,4395.15
13551.00,14.97,17.97,21.02,19.22,4564.83,4395.15
13554.00,14.97,17.97,21.02,19.22,4564.83,4395.15
13557.00,14.97,17.97,21.02,19.22,4564.83,4395.15
13560.00,14.97,17.97,21.02,19.22,4564.83,4395.15
13563.00,14.97,17.97,21.02,19.22,4564.83,4395.15
13566.00,21.38,21.38,17.17,17.17,4593.45,4423.77
13570.00,21.38,21.38,17.17,17.17,4593.45,4423.77
13573.00,21.38,21.38,17.17,17.17,4593.45,4423.77
13576.00,21.38,21.38,17.17,17.17,4593.45,4423.77
13580.00,21.38,21.38,17.17,17.17,4593.45,4423.77
13583.00,21.38,21.38,17.17,17.17,4593.45,4423.77
13586.00,21.38,21.38,17.17,17.17,4593.45,4423.77
13589.00,21.38,21.38,17.17,17.17,4593.45,4423.77
13592.00,21.38,21.38,17.17,17.17,4593.45,4423.77
13595.00,21.38,21.38,17.17,17.17,4593.45,4423.77
13598.00,21.38,21.38,17.17,17.17,4593.45,4423.77
13601.00,21.38,21.38,17.17,17.17,4593.45,4423.77
13604.00,21.38,21.38,17.17,17.17,4593.45,4423.77
13607.00,21.38,21.38,17.17,17.17,4593.45,4423.77
13611.00,21.38,21.38,17.17,17.17,4593.45,4423.77
13614.00,21.38,21.38,17.17,17.17,4593.45,4423.77
13618.00,17.97,17.97,19.22,19.22,4625.48,4455.81
13621.00,17.97,17.97,19.22,19.22,4625.48,4455.81
13624.00,17.97,17.97,19.22,19.22,4625.48,4455.81
13627.00,17.97,17.97,19.22,19.22,4625.48,4455.81
13630.00,17.97,17.97,19.22,19.22,4625.48,4455.81
13633.00,17.97,17.97,19.22,19.22,4625.48,4455.81
13636.00,17.97,17.97,19.22,19.22,4625.48,4455.81
13639.00,17.97,17.97,19.22,19.22,4625.48,4455.81
13642.00,17.97,17.97,19.22,19.22,4625.48,4455.81
13645.00,17.97,17.97,19.22,19.22,4625.48,4455.81
13648.00,17.97,17.97,19.22,19.22,4625.48,4455.81
13651.00,17.97,17.97,19.22,19.22,4625.48,4455.81
13655.00,17.97,17.97,19.22,19.22,4625.48,4455.81
13658.00,17.97,17.97,19.22,19.22,4625.48,4455.81
13662.00,17.97,17.97,19.22,19.22,4625.48,4455.81
13665.00,17.97,17.97,19.22,19.22,4625.48,4455.81
13668.00,17.97,17.97,19.22,19.22,4657.51,4487.84
13671.00,17.97,17.97,19.22,19.22,4657.51,4487.84
13674.00,17.97,17.97,19.22,19.22,4657.51,4487.84
13677.00,17.97,17.97,19.22,19.22,4657.51,4487.84
13680.00,17.97,17.97,19.22,19.22,4657.51,4487.84
13683.00,17.97,17.97,19.22,19.22,4657.51,4487.84
13686.00,17.97,17.97,19.22,19.22,4657.51,4487.84
13689.00,17.97,17.97,19.22,19.22,4657.51,4487.84
13692.00,17.97,17.97,19.22,19.22,4657.51,4487.84
13697.00,17.97,17.97,19.22,19.22,4657.51,4487.84
13700.00,17.97,17.97,19.22,19.22,4657.51,4487.84
13703.00,17.97,17.97,19.22,19.22,4657.51,4487.84
13706.00,17.97,17.97,19.22,19.22,4657.51,4487.84
13709.00,17.97,17.97,19.22,19.22,4657.51,4487.84
13712.00,17.97,17.97,19.22,19.22,4657.51,4487.84
13715.00,17.97,17.97,19.22,19.22,4657.51,4487.84
13718.00,18.33,21.38,19.00,17.17,4689.19,4516.46
13721.00,18.33,21.38,19.00,17.17,4689.19,4516.46
13724.00,18.33,21.38,19.00,17.17,4689.19,4516.46
13727.00,18.33,21.38,19.00,17.17,4689.19,4516.46
13731.00,18.33,21.38,19.00,17.17,4689.19,4516.46
13734.00,18.33,21.38,19.00,17.17,4689.19,4516.46
13737.00,18.33,21.38,19.00,17.17,4689.19,4516.46
13741.00,18.33,21.38,19.00,17.17,4689.19,4516.46
13744.00,18.33,21.38,19.00,17.17,4689.19,4516.46
13747.00,18.33,21.38,19.00,17.17,4689.19,4516.46
13750.00,18.33,21.38,19.00,17.17,4689.19,4516.46
13753.00,18.33,21.38,19.00,17.17,4689.19,4516.46
13756.00,18.33,21.38,19.00,17.17,4689.19,4516.46
13759.00,18.33,21.38,19.00,17.17,4689.19,4516.46
13762.00,18.33,21.38,19.00,17.17,4689.19,4516.46
13765.00,18.33,21.38,19.00,17.17,4689.19,4516.46
13768.00,18.33,21.38,19.00,17.17,4720.86,4545.08
13772.00,18.33,21.38,19.00,17.17,4720.86,4545.08
13775.00,18.33,21.38,19.00,17.17,4720.86,4545.08
13778.00,18.33,21.38,19.00,17.17,4720.86,4545.08
13782.00,18.33,21.38,19.00,17.17,4720.86,4545.08
13785.00,18.33,21.38,19.00,17.17,4720.86,4545.08
13788.00,18.33,21.38,19.00,17.17,4720.86,4545.08
13791.00,18.33,21.38,19.00,17.17,4720.86,4545.08
13794.00,18.33,21.38,19.00,17.17,4720.86,4545.08
13797.00,18.33,21.38,19.00,17.17,4720.86,4545.08
13800.00,18.33,21.38,19.00,17.17,4720.86,4545.08
13803.00,18.33,21.38,19.00,17.17,4720.86,4545.08
13806.00,18.33,21.38,19.00,17.17,4720.86,4545.08
13809.00,18.33,21.38,19.00,17.17,4720.86,4545.08
13812.00,18.33,21.38,19.00,17.17,4720.86,4545.08
13815.00,18.33,21.38,19.00,17.17,4720.86,4545.08
13819.00,18.33,18.33,19.00,19.00,4752.53,4576.75
13822.00,18.33,18.33,19.00,19.00,4752.53,4576.75
13826.00,18.33,18.33,19.00,19.00,4752.53,4576.75
13829.00,18.33,18.33,19.00,19.00,4752.53,4576.75
13832.00,18.33,18.33,19.00,19.00,4752.53,4576.75
13835.00,18.33,18.33,19.00,19.00,4752.53,4576.75
13838.00,18.33,18.33,19.00,19.00,4752.53,4576.75
13841.00,18.33,18.33,19.00,19.00,4752.53,4576.75
13844.00,18.33,18.33,19.00,19.00,4752.53,4576.75
13847.00,18.33,18.33,19.00,19.00,4752.53,4576.75
13850.00,18.33,18.33,19.00,19.00,4752.53,4576.75
13853.00,18.33,18.33,19.00,19.00,4752.53,4576.75
13856.00,18.33,18.33,19.00,19.00,4752.53,4576.75
13859.00,18.33,18.33,19.00,19.00,4752.53,4576.75
13862.00,18.33,18.33,19.00,19.00,4752.53,4576.75
13865.00,18.33,18.33,19.00,19.00,4752.53,4576.75
13870.00,17.97,20.96,19.22,17.42,4784.57,4605.79
13873.00,17.97,20.96,19.22,17.42,4784.57,4605.79
13876.00,17.97,20.96,19.22,17.42,4784.57,4605.79
13879.00,17.97,20.96,19.22,17.42,4784.57,4605.79
13882.00,17.97,20.96,19.22,17.42,4784.57,4605.79
13885.00,17.97,20.96,19.22,17.42,4784.57,4605.79
13888.00,17.97,20.96,19.22,17.42,4784.57,4605.79
13891.00,17.97,20.96,19.22,17.42,4784.57,4605.79
13894.00,17.97,20.96,19.22,17.42,4784.57,4605.79
13897.00,17.97,20.96,19.22,17.42,4784.57,4605.79
13900.00,17.97,20.96,19.22,17.42,4784.57,4605.79
13903.00,17.97,20.96,19.22,17.42,4784.57,4605.79
13906.00,17.97,20.96,19.22,17.42,4784.57,4605.79
13910.00,17.97,20.96,19.22,17.42,4784.57,4605.79
13913.00,17.97,20.96,19.22,17.42,4784.57,4605.79
13917.00,17.97,20.96,19.22,17.42,4784.57,4605.79
13920.00,18.33,18.33,19.00,19.00,4816.24,4637.47
13923.00,18.33,18.33,19.00,19.00,4816.24,4637.47
13926.00,18.33,18.33,19.00,19.00,4816.24,4637.47
13929.00,18.33,18.33,19.00,19.00,4816.24,4637.47
13932.00,18.33,18.33,19.00,19.00,4816.24,4637.47
13935.00,18.33,18.33,19.00,19.00,4816.24,4637.47
13938.00,18.33,18.33,19.00,19.00,4816.24,4637.47
13941.00,18.33,18.33,19.00,19.00,4816.24,4637.47
13944.00,18.33,18.33,19.00,19.00,4816.24,4637.47
13947.00,18.33,18.33,19.00,19.00,4816.24,4637.47
13950.00,18.33,18.33,19.00,19.00,4816.24,4637.47
13954.00,18.33,18.33,19.00,19.00,4816.24,4637.47
13957.00,18.33,18.33,19.00,19.00,4816.24,4637.47
13961.00,18.33,18.33,19.00,19.00,4816.24,4637.47
13964.00,18.33,18.33,19.00,19.00,4816.24,4637.47
13967.00,18.33,18.33,19.00,19.00,4816.24,4637.47
13970.00,17.97,20.96,19.22,17.42,4848.27,4666.51
13973.00,17.97,20.96,19.22,17.42,4848.27,4666.51
13976.00,17.97,20.96,19.22,17.42,4848.27,4666.51
13979.00,17.97,20.96,19.22,17.42,4848.27,4666.51
13982.00,17.97,20.96,19.22,17.42,4848.27,4666.51
13985.00,17.97,20.96,19.22,17.42,4848.27,4666.51
13988.00,17.97,20.96,19.22,17.42,4848.27,4666.51
13991.00,17.97,20.96,19.22,17.42,4848.27,4666.51
13996.00,17.97,20.96,19.22,17.42,4848.27,4666.51
13999.00,17.97,20.96,19.22,17.42,4848.27,4666.51
14002.00,17.97,20.96,19.22,17.42,4848.27,4666.51
14005.00,17.97,20.96,19.22,17.42,4848.27,4666.51
14008.00,17.97,20.96,19.22,17.42,4848.27,4666.51
14011.00,17.97,20.96,19.22,17.42,4848.27,4666.51
14014.00,17.97,20.96,19.22,17.42,4848.27,4666.51
14017.00,17.97,20.96,19.22,17.42,4848.27,4666.51
14020.00,18.33,18.33,19.00,19.00,4879.95,4698.18
14023.00,18.33,18.33,19.00,19.00,4879.95,4698.18
14026.00,18.33,18.33,19.00,19.00,4879.95,4698.18
14029.00,18.33,18.33,19.00,19.00,4879.95,4698.18
14032.00,18.33,18.33,19.00,19.00,4879.95,4698.18
14036.00,18.33,18.33,19.00,19.00,4879.95,4698.18
14040.00,18.33,18.33,19.00,19.00,4879.95,4698.18
14043.00,18.33,18.33,19.00,19.00,4879.95,4698.18
14046.00,18.33,18.33,19.00,19.00,4879.95,4698.18
14049.00,18.33,18.33,19.00,19.00,4879.95,4698.18
14052.00,18.33,18.33,19.00,19.00,4879.95,4698.18
14055.00,18.33,18.33,19.00,19.00,4879.95,4698.18
14058.00,18.33,18.33,19.00,19.00,4879.95,4698.18
14061.00,18.33,18.33,19.00,19.00,4879.95,4698.18
14064.00,18.33,18.33,19.00,19.00,4879.95,4698.18
14067.00,18.33,18.33,19.00,19.00,4879.95,4698.18
14070.00,21.38,21.38,17.17,17.17,4908.57,4726.80
14073.00,21.38,21.38,17.17,17.17,4908.57,4726.80
14076.00,21.38,21.38,17.17,17.17,4908.57,4726.80
14081.00,21.38,21.38,17.17,17.17,4908.57,4726.80
14084.00,21.38,21.38,17.17,17.17,4908.57,4726.80
14087.00,21.38,21.38,17.17,17.17,4908.57,4726.80
14090.00,21.38,21.38,17.17,17.17,4908.57,4726.80
14093.00,21.38,21.38,17.17,17.17,4908.57,4726.80
14096.00,21.38,21.38,17.17,17.17,4908.57,4726.80
14099.00,21.38,21.38,17.17,17.17,4908.57,4726.80
14102.00,21.38,21.38,17.17,17.17,4908.57,4726.80
14105.00,21.38,21.38,17.17,17.17,4908.57,4726.80
14108.00,21.38,21.38,17.17,17.17,4908.57,4726.80
14111.00,21.38,21.38,17.17,17.17,4908.57,4726.80
14114.00,21.38,21.38,17.17,17.17,4908.57,4726.80
14117.00,21.38,21.38,17.17,17.17,4908.57,4726.80
14121.00,15.27,18.33,20.84,19.00,4943.30,4758.47
14125.00,15.27,18.33,20.84,19.00,4943.30,4758.47
14128.00,15.27,18.33,20.84,19.00,4943.30,4758.47
14131.00,15.27,18.33,20.84,19.00,4943.30,4758.47
14134.00,15.27,18.33,20.84,19.00,4943.30,4758.47
14137.00,15.27,18.33,20.84,19.00,4943.30,4758.47
14140.00,15.27,18.33,20.84,19.00,4943.30,4758.47
14143.00,15.27,18.33,20.84,19.00,4943.30,4758.47
14146.00,15.27,18.33,20.84,19.00,4943.30,4758.47
14149.00,15.27,18.33,20.84,19.00,4943.30,4758.47
14152.00,15.27,18.33,20.84,19.00,4943.30,4758.47
14155.00,15.27,18.33,20.84,19.00,4943.30,4758.47
14158.00,15.27,18.33,20.84,19.00,4943.30,4758.47
14161.00,15.27,18.33,20.84,19.00,4943.30,4758.47
14164.00,15.27,18.33,20.84,19.00,4943.30,4758.47
14168.00,15.27,18.33,20.84,19.00,4943.30,4758.47
14172.00,20.96,20.96,17.42,17.42,4972.34,4787.51
14175.00,20.96,20.96,17.42,17.42,4972.34,4787.51
14178.00,20.96,20.96,17.42,17.42,4972.34,4787.51
14181.00,20.96,20.96,17.42,17.42,4972.34,4787.51
14184.00,20.96,20.96,17.42,17.42,4972.34,4787.51
14187.00,20.96,20.96,17.42,17.42,4972.34,4787.51
14190.00,20.96,20.96,17.42,17.42,4972.34,4787.51
14193.00,20.96,20.96,17.42,17.42,4972.34,4787.51
14196.00,20.96,20.96,17.42,17.42,4972.34,4787.51
14199.00,20.96,20.96,17.42,17.42,4972.34,4787.51
14202.00,20.96,20.96,17.42,17.42,4972.34,4787.51
14205.00,20.96,20.96,17.42,17.42,4972.34,4787.51
14209.00,20.96,20.96,17.42,17.42,4972.34,4787.51
14213.00,20.96,20.96,17.42,17.42,4972.34,4787.51
14216.00,20.96,20.96,17.42,17.42,4972.34,4787.51
14219.00,20.96,20.96,17.42,17.42,4972.34,4787.51
14222.00,14.97,20.96,21.02,17.42,5007.36,4816.55
14225.00,14.97,20.96,21.02,17.42,5007.36,4816.55
14228.00,14.97,20.96,21.02,17.42,5007.36,4816.55
14231.00,14.97,20.96,21.02,17.42,5007.36,4816.55
14234.00,14.97,20.96,21.02,17.42,5007.36,4816.55
14237.00,14.97,20.96,21.02,17.42,5007.36,4816.55
14240.00,14.97,20.96,21.02,17.42,5007.36,4816.55
14243.00,14.97,20.96,21.02,17.42,5007.36,4816.55
14246.00,14.97,20.96,21.02,17.42,5007.36,4816.55
14251.00,14.97,20.96,21.02,17.42,5007.36,4816.55
14254.00,14.97,20.96,21.02,17.42,5007.36,4816.55
14257.00,14.97,20.96,21.02,17.42,5007.36,4816.55
14260.00,14.97,20.96,21.02,17.42,5007.36,4816.55
14263.00,14.97,20.96,21.02,17.42,5007.36,4816.55
14266.00,14.97,20.96,21.02,17.42,5007.36,4816.55
14269.00,14.97,20.96,21.02,17.42,5007.36,4816.55
14272.00,21.38,18.33,17.17,19.00,5035.98,4848.22
14275.00,21.38,18.33,17.17,19.00,5035.98,4848.22
14278.00,21.38,18.33,17.17,19.00,5035.98,4848.22
14281.00,21.38,18.33,17.17,19.00,5035.98,4848.22
14284.00,21.38,18.33,17.17,19.00,5035.98,4848.22
14287.00,21.38,18.33,17.17,19.00,5035.98,4848.22
14291.00,21.38,18.33,17.17,19.00,5035.98,4848.22
14295.00,21.38,18.33,17.17,19.00,5035.98,4848.22
14298.00,21.38,18.33,17.17,19.00,5035.98,4848.22
14301.00,21.38,18.33,17.17,19.00,5035.98,4848.22
14304.00,21.38,18.33,17.17,19.00,5035.98,4848.22
14307.00,21.38,18.33,17.17,19.00,5035.98,4848.22
14310.00,21.38,18.33,17.17,19.00,5035.98,4848.22
14313.00,21.38,18.33,17.17,19.00,5035.98,4848.22
14316.00,21.38,18.33,17.17,19.00,5035.98,4848.22
14319.00,21.38,18.33,17.17,19.00,5035.98,4848.22
14322.00,18.33,21.38,19.00,17.17,5067.66,4876.84
14325.00,18.33,21.38,19.00,17.17,5067.66,4876.84
14328.00,18.33,21.38,19.00,17.17,5067.66,4876.84
14332.00,18.33,21.38,19.00,17.17,5067.66,4876.84
14336.00,18.33,21.38,19.00,17.17,5067.66,4876.84
14339.00,18.33,21.38,19.00,17.17,5067.66,4876.84
14342.00,18.33,21.38,19.00,17.17,5067.66,4876.84
14345.00,18.33,21.38,19.00,17.17,5067.66,4876.84
14348.00,18.33,21.38,19.00,17.17,5067.66,4876.84
14351.00,18.33,21.38,19.00,17.17,5067.66,4876.84
14354.00,18.33,21.38,19.00,17.17,5067.66,4876.84
14357.00,18.33,21.38,19.00,17.17,5067.66,4876.84
14360.00,18.33,21.38,19.00,17.17,5067.66,4876.84
14363.00,18.33,21.38,19.00,17.17,5067.66,4876.84
14366.00,18.33,21.38,19.00,17.17,5067.66,4876.84
14369.00,18.33,21.38,19.00,17.17,5067.66,4876.84
14373.00,18.33,18.33,19.00,19.00,5099.33,4908.52
14376.00,18.33,18.33,19.00,19.00,5099.33,4908.52
14380.00,18.33,18.33,19.00,19.00,5099.33,4908.52
14383.00,18.33,18.33,19.00,19.00,5099.33,4908.52
14386.00,18.33,18.33,19.00,19.00,5099.33,4908.52
14389.00,18.33,18.33,19.00,19.00,5099.33,4908.52
14392.00,18.33,18.33,19.00,19.00,5099.33,4908.52
14395.00,18.33,18.33,19.00,19.00,5099.33,4908.52
14398.00,18.33,18.33,19.00,19.00,5099.33,4908.52
14401.00,18.33,18.33,19.00,19.00,5099.33,4908.52
14404.00,18.33,18.33,19.00,19.00,5099.33,4908.52
14407.00,18.33,18.33,19.00,19.00,5099.33,4908.52
14410.00,18.33,18.33,19.00,19.00,5099.33,4908.52
14413.00,18.33,18.33,19.00,19.00,5099.33,4908.52
14416.00,18.33,18.33,19.00,19.00,5099.33,4908.52
14419.00,18.33,18.33,19.00,19.00,5099.33,4908.52
14424.00,17.97,20.96,19.22,17.42,5131.36,4937.56
14427.00,17.97,20.96,19.22,17.42,5131.36,4937.56
14430.00,17.97,20.96,19.22,17.42,5131.36,4937.56
14433.00,17.97,20.96,19.22,17.42,5131.36,4937.56
14436.00,17.97,20.96,19.22,17.42,5131.36,4937.56
14439.00,17.97,20.96,19.22,17.42,5131.36,4937.56
14442.00,17.97,20.96,19.22,17.42,5131.36,4937.56
14445.00,17.97,20.96,19.22,17.42,5131.36,4937.56
14448.00,17.97,20.96,19.22,17.42,5131.36,4937.56
14451.00,17.97,20.96,19.22,17.42,5131.36,4937.56
14454.00,17.97,20.96,19.22,17.42,5131.36,4937.56
14457.00,17.97,20.96,19.22,17.42,5131.36,4937.56
14460.00,17.97,20.96,19.22,17.42,5131.36,4937.56
14464.00,17.97,20.96,19.22,17.42,5131.36,4937.56
14468.00,17.97,20.96,19.22,17.42,5131.36,4937.56
14471.00,17.97,20.96,19.22,17.42,5131.36,4937.56
14474.00,17.97,17.97,19.22,19.22,5163.40,4969.59
14477.00,17.97,17.97,19.22,19.22,5163.40,4969.59
14480.00,17.97,17.97,19.22,19.22,5163.40,4969.59
14483.00,17.97,17.97,19.22,19.22,5163.40,4969.59
14486.00,17.97,17.97,19.22,19.22,5163.40,4969.59
14489.00,17.97,17.97,19.22,19.22,5163.40,4969.59
14492.00,17.97,17.97,19.22,19.22,5163.40,4969.59
14495.00,17.97,17.97,19.22,19.22,5163.40,4969.59
14498.00,17.97,17.97,19.22,19.22,5163.40,4969.59
14501.00,17.97,17.97,19.22,19.22,5163.40,4969.59
14505.00,17.97,17.97,19.22,19.22,5163.40,4969.59
14509.00,17.97,17.97,19.22,19.22,5163.40,4969.59
14512.00,17.97,17.97,19.22,19.22,5163.40,4969.59
14515.00,17.97,17.97,19.22,19.22,5163.40,4969.59
14518.00,17.97,17.97,19.22,19.22,5163.40,4969.59
14521.00,17.97,17.97,19.22,19.22,5163.40,4969.59
14524.00,18.33,21.38,19.00,17.17,5195.07,4998.21
14527.00,18.33,21.38,19.00,17.17,5195.07,4998.21
14530.00,18.33,21.38,19.00,17.17,5195.07,4998.21
14533.00,18.33,21.38,19.00,17.17,5195.07,4998.21
14536.00,18.33,21.38,19.00,17.17,5195.07,4998.21
14539.00,18.33,21.38,19.00,17.17,5195.07,4998.21
14543.00,18.33,21.38,19.00,17.17,5195.07,4998.21
14546.00,18.33,21.38,19.00,17.17,5195.07,4998.21
14550.00,18.33,21.38,19.00,17.17,5195.07,4998.21
14553.00,18.33,21.38,19.00,17.17,5195.07,4998.21
14556.00,18.33,21.38,19.00,17.17,5195.07,4998.21
14559.00,18.33,21.38,19.00,17.17,5195.07,4998.21
14562.00,18.33,21.38,19.00,17.17,5195.07,4998.21
14565.00,18.33,21.38,19.00,17.17,5195.07,4998.21
14568.00,18.33,21.38,19.00,17.17,5195.07,4998.21
14571.00,18.33,21.38,19.00,17.17,5195.07,4998.21
14574.00,18.33,21.38,19.00,17.17,5226.75,5026.83
14577.00,18.33,21.38,19.00,17.17,5226.75,5026.83
14580.00,18.33,21.38,19.00,17.17,5226.75,5026.83
14583.00,18.33,21.38,19.00,17.17,5226.75,5026.83
14587.00,18.33,21.38,19.00,17.17,5226.75,5026.83
14590.00,18.33,21.38,19.00,17.17,5226.75,5026.83
14594.00,18.33,21.38,19.00,17.17,5226.75,5026.83
14597.00,18.33,21.38,19.00,17.17,5226.75,5026.83
14600.00,18.33,21.38,19.00,17.17,5226.75,5026.83
14603.00,18.33,21.38,19.00,17.17,5226.75,5026.83
14606.00,18.33,21.38,19.00,17.17,5226.75,5026.83
14609.00,18.33,21.38,19.00,17.17,5226.75,5026.83
14612.00,18.33,21.38,19.00,17.17,5226.75,5026.83
14615.00,18.33,21.38,19.00,17.17,5226.75,5026.83
14618.00,18.33,21.38,19.00,17.17,5226.75,5026.83
14621.00,18.33,21.38,19.00,17.17,5226.75,5026.83
14624.00,18.33,18.33,19.00,19.00,5258.42,5058.50
14627.00,18.33,18.33,19.00,19.00,5258.42,5058.50
14631.00,18.33,18.33,19.00,19.00,5258.42,5058.50
14635.00,18.33,18.33,19.00,19.00,5258.42,5058.50
14638.00,18.33,18.33,19.00,19.00,5258.42,5058.50
14641.00,18.33,18.33,19.00,19.00,5258.42,5058.50
14644.00,18.33,18.33,19.00,19.00,5258.42,5058.50
14647.00,18.33,18.33,19.00,19.00,5258.42,5058.50
14650.00,18.33,18.33,19.00,19.00,5258.42,5058.50
14653.00,18.33,18.33,19.00,19.00,5258.42,5058.50
14656.00,18.33,18.33,19.00,19.00,5258.42,5058.50
14659.00,18.33,18.33,19.00,19.00,5258.42,5058.50
14662.00,18.33,18.33,19.00,19.00,5258.42,5058.50
14665.00,18.33,18.33,19.00,19.00,5258.42,5058.50
14668.00,18.33,18.33,19.00,19.00,5258.42,5058.50
14671.00,18.33,18.33,19.00,19.00,5258.42,5058.50
14674.00,21.38,21.38,17.17,17.17,5287.04,5087.12
14678.00,21.38,21.38,17.17,17.17,5287.04,5087.12
14682.00,21.38,21.38,17.17,17.17,5287.04,5087.12
14685.00,21.38,21.38,17.17,17.17,5287.04,5087.12
14688.00,21.38,21.38,17.17,17.17,5287.04,5087.12
14691.00,21.38,21.38,17.17,17.17,5287.04,5087.12
14694.00,21.38,21.38,17.17,17.17,5287.04,5087.12
14697.00,21.38,21.38,17.17,17.17,5287.04,5087.12
14700.00,21.38,21.38,17.17,17.17,5287.04,5087.12
14703.00,21.38,21.38,17.17,17.17,5287.04,5087.12
14706.00,21.38,21.38,17.17,17.17,5287.04,5087.12
14709.00,21.38,21.38,17.17,17.17,5287.04,5087.12
14712.00,21.38,21.38,17.17,17.17,5287.04,5087.12
14715.00,21.38,21.38,17.17,17.17,5287.04,5087.12
14718.00,21.38,21.38,17.17,17.17,5287.04,5087.12
14722.00,21.38,21.38,17.17,17.17,5287.04,5087.12
14726.00,14.97,17.97,21.02,19.22,5322.07,5119.16
14729.00,14.97,17.97,21.02,19.22,5322.07,5119.16
14732.00,14.97,17.97,21.02,19.22,5322.07,5119.16
14735.00,14.97,17.97,21.02,19.22,5322.07,5119.16
14738.00,14.97,17.97,21.02,19.22,5322.07,5119.16
14741.00,14.97,17.97,21.02,19.22,5322.07,5119.16
14744.00,14.97,17.97,21.02,19.22,5322.07,5119.16
14747.00,14.97,17.97,21.02,19.22,5322.07,5119.16
14750.00,14.97,17.97,21.02,19.22,5322.07,5119.16
14753.00,14.97,17.97,21.02,19.22,5322.07,5119.16
14756.00,14.97,17.97,21.02,19.22,5322.07,5119.16
14759.00,14.97,17.97,21.02,19.22,5322.07,5119.16
14763.00,14.97,17.97,21.02,19.22,5322.07,5119.16
14766.00,14.97,17.97,21.02,19.22,5322.07,5119.16
14770.00,14.97,17.97,21.02,19.22,5322.07,5119.16
14773.00,14.97,17.97,21.02,19.22,5322.07,5119.16
14776.00,20.96,20.96,17.42,17.42,5351.11,5148.20
14779.00,20.96,20.96,17.42,17.42,5351.11,5148.20
14782.00,20.96,20.96,17.42,17.42,5351.11,5148.20
14785.00,20.96,20.96,17.42,17.42,5351.11,5148.20
14788.00,20.96,20.96,17.42,17.42,5351.11,5148.20
14791.00,20.96,20.96,17.42,17.42,5351.11,5148.20
14794.00,20.96,20.96,17.42,17.42,5351.11,5148.20
14797.00,20.96,20.96,17.42,17.42,5351.11,5148.20
14800.00,20.96,20.96,17.42,17.42,5351.11,5148.20
14803.00,20.96,20.96,17.42,17.42,5351.11,5148.20
14808.00,20.96,20.96,17.42,17.42,5351.11,5148.20
14811.00,20.96,20.96,17.42,17.42,5351.11,5148.20
14814.00,20.96,20.96,17.42,17.42,5351.11,5148.20
14817.00,20.96,20.96,17.42,17.42,5351.11,5148.20
14820.00,20.96,20.96,17.42,17.42,5351.11,5148.20
14823.00,20.96,20.96,17.42,17.42,5351.11,5148.20
14826.00,15.27,21.38,20.84,17.17,5385.83,5176.82
14829.00,15.27,21.38,20.84,17.17,5385.83,5176.82
14832.00,15.27,21.38,20.84,17.17,5385.83,5176.82
14835.00,15.27,21.38,20.84,17.17,5385.83,5176.82
14838.00,15.27,21.38,20.84,17.17,5385.83,5176.82
14842.00,15.27,21.38,20.84,17.17,5385.83,5176.82
14845.00,15.27,21.38,20.84,17.17,5385.83,5176.82
14849.00,15.27,21.38,20.84,17.17,5385.83,5176.82
14852.00,15.27,21.38,20.84,17.17,5385.83,5176.82
14855.00,15.27,21.38,20.84,17.17,5385.83,5176.82
14858.00,15.27,21.38,20.84,17.17,5385.83,5176.82
14861.00,15.27,21.38,20.84,17.17,5385.83,5176.82
14864.00,15.27,21.38,20.84,17.17,5385.83,5176.82
14867.00,15.27,21.38,20.84,17.17,5385.83,5176.82
14870.00,15.27,21.38,20.84,17.17,5385.83,5176.82
14873.00,15.27,21.38,20.84,17.17,5385.83,5176.82
14877.00,21.38,18.33,17.17,19.00,5414.45,5208.49
14880.00,21.38,18.33,17.17,19.00,5414.45,5208.49
14883.00,21.38,18.33,17.17,19.00,5414.45,5208.49
14886.00,21.38,18.33,17.17,19.00,5414.45,5208.49
14889.00,21.38,18.33,17.17,19.00,5414.45,5208.49
14893.00,21.38,18.33,17.17,19.00,5414.45,5208.49
14896.00,21.38,18.33,17.17,19.00,5414.45,5208.49
14899.00,21.38,18.33,17.17,19.00,5414.45,5208.49
14902.00,21.38,18.33,17.17,19.00,5414.45,5208.49
14905.00,21.38,18.33,17.17,19.00,5414.45,5208.49
14908.00,21.38,18.33,17.17,19.00,5414.45,5208.49
14911.00,21.38,18.33,17.17,19.00,5414.45,5208.49
14914.00,21.38,18.33,17.17,19.00,5414.45,5208.49
14917.00,21.38,18.33,17.17,19.00,5414.45,5208.49
14920.00,21.38,18.33,17.17,19.00,5414.45,5208.49
14923.00,21.38,18.33,17.17,19.00,5414.45,5208.49
14927.00,15.27,21.38,20.84,17.17,5449.18,5237.11
14930.00,15.27,21.38,20.84,17.17,5449.18,5237.11
14934.00,15.27,21.38,20.84,17.17,5449.18,5237.11
14937.00,15.27,21.38,20.84,17.17,5449.18,5237.11
14940.00,15.27,21.38,20.84,17.17,5449.18,5237.11
14943.00,15.27,21.38,20.84,17.17,5449.18,5237.11
14946.00,15.27,21.38,20.84,17.17,5449.18,5237.11
14949.00,15.27,21.38,20.84,17.17,5449.18,5237.11
14952.00,15.27,21.38,20.84,17.17,5449.18,5237.11
14955.00,15.27,21.38,20.84,17.17,5449.18,5237.11
14958.00,15.27,21.38,20.84,17.17,5449.18,5237.11
14961.00,15.27,21.38,20.84,17.17,5449.18,5237.11
14964.00,15.27,21.38,20.84,17.17,5449.18,5237.11
14968.00,15.27,21.38,20.84,17.17,5449.18,5237.11
14971.00,15.27,21.38,20.84,17.17,5449.18,5237.11
14974.00,15.27,21.38,20.84,17.17,5449.18,5237.11
14978.00,20.56,20.56,17.67,17.67,5478.62,5266.55
14981.00,20.56,20.56,17.67,17.67,5478.62,5266.55
14984.00,20.56,20.56,17.67,17.67,5478.62,5266.55
14987.00,20.56,20.56,17.67,17.67,5478.62,5266.55
14990.00,20.56,20.56,17.67,17.67,5478.62,5266.55
14993.00,20.56,20.56,17.67,17.67,5478.62,5266.55
14996.00,20.56,20.56,17.67,17.67,5478.62,5266.55
15000.00,20.56,20.56,17.67,17.67,5478.62,5266.55
15003.00,20.56,20.56,17.67,17.67,5478.62,5266.55
15006.00,20.56,20.56,17.67,17.67,5478.62,5266.55
15009.00,20.56,20.56,17.67,17.67,5478.62,5266.55
15012.00,20.56,20.56,17.67,17.67,5478.62,5266.55
15015.00,20.56,20.56,17.67,17.67,5478.62,5266.55
15019.00,20.56,20.56,17.67,17.67,5478.62,5266.55
15022.00,20.56,20.56,17.67,17.67,5478.62,5266.55
15025.00,20.56,20.56,17.67,17.67,5478.62,5266.55
15028.00,15.27,18.33,20.84,19.00,5513.35,5298.22
15031.00,15.27,18.33,20.84,19.00,5513.35,5298.22
15035.00,15.27,18.33,20.84,19.00,5513.35,5298.22
15038.00,15.27,18.33,20.84,19.00,5513.35,5298.22
15041.00,15.27,18.33,20.84,19.00,5513.35,5298.22
15044.00,15.27,18.33,20.84,19.00,5513.35,5298.22
15047.00,15.27,18.33,20.84,19.00,5513.35,5298.22
15050.00,15.27,18.33,20.84,19.00,5513.35,5298.22
15053.00,15.27,18.33,20.84,19.00,5513.35,5298.22
15056.00,15.27,18.33,20.84,19.00,5513.35,5298.22
15059.00,15.27,18.33,20.84,19.00,5513.35,5298.22
15063.00,15.27,18.33,20.84,19.00,5513.35,5298.22
15066.00,15.27,18.33,20.84,19.00,5513.35,5298.22
15069.00,15.27,18.33,20.84,19.00,5513.35,5298.22
15072.00,15.27,18.33,20.84,19.00,5513.35,5298.22
15075.00,15.27,18.33,20.84,19.00,5513.35,5298.22
15079.00,18.33,21.38,19.00,17.17,5545.03,5326.84
15082.00,18.33,21.38,19.00,17.17,5545.03,5326.84
15085.00,18.33,21.38,19.00,17.17,5545.03,5326.84
15088.00,18.33,21.38,19.00,17.17,5545.03,5326.84
15091.00,18.33,21.38,19.00,17.17,5545.03,5326.84
15094.00,18.33,21.38,19.00,17.17,5545.03,5326.84
15097.00,18.33,21.38,19.00,17.17,5545.03,5326.84
15100.00,18.33,21.38,19.00,17.17,5545.03,5326.84
15104.00,18.33,21.38,19.00,17.17,5545.03,5326.84
15107.00,18.33,21.38,19.00,17.17,5545.03,5326.84
15110.00,18.33,21.38,19.00,17.17,5545.03,5326.84
15113.00,18.33,21.38,19.00,17.17,5545.03,5326.84
15116.00,18.33,21.38,19.00,17.17,5545.03,5326.84
15119.00,18.33,21.38,19.00,17.17,5545.03,5326.84
15122.00,18.33,21.38,19.00,17.17,5545.03,5326.84
15125.00,18.33,21.38,19.00,17.17,5545.03,5326.84
15129.00,18.33,21.38,19.00,17.17,5576.70,5355.46
15132.00,18.33,21.38,19.00,17.17,5576.70,5355.46
15135.00,18.33,21.38,19.00,17.17,5576.70,5355.46
15138.00,18.33,21.38,19.00,17.17,5576.70,5355.46
15141.00,18.33,21.38,19.00,17.17,5576.70,5355.46
15144.00,18.33,21.38,19.00,17.17,5576.70,5355.46
15148.00,18.33,21.38,19.00,17.17,5576.70,5355.46
15151.00,18.33,21.38,19.00,17.17,5576.70,5355.46
15154.00,18.33,21.38,19.00,17.17,5576.70,5355.46
15157.00,18.33,21.38,19.00,17.17,5576.70,5355.46
15160.00,18.33,21.38,19.00,17.17,5576.70,5355.46
15163.00,18.33,21.38,19.00,17.17,5576.70,5355.46
15166.00,18.33,21.38,19.00,17.17,5576.70,5355.46
15169.00,18.33,21.38,19.00,17.17,5576.70,5355.46
15172.00,18.33,21.38,19.00,17.17,5576.70,5355.46
15175.00,18.33,21.38,19.00,17.17,5576.70,5355.46
15179.00,21.38,18.33,17.17,19.00,5605.32,5387.14
15182.00,21.38,18.33,17.17,19.00,5605.32,5387.14
15185.00,21.38,18.33,17.17,19.00,5605.32,5387.14
15188.00,21.38,18.33,17.17,19.00,5605.32,5387.14
15192.00,21.38,18.33,17.17,19.00,5605.32,5387.14
15195.00,21.38,18.33,17.17,19.00,5605.32,5387.14
15198.00,21.38,18.33,17.17,19.00,5605.32,5387.14
15201.00,21.38,18.33,17.17,19.00,5605.32,5387.14
15204.00,21.38,18.33,17.17,19.00,5605.32,5387.14
15207.00,21.38,18.33,17.17,19.00,5605.32,5387.14
15210.00,21.38,18.33,17.17,19.00,5605.32,5387.14
15213.00,21.38,18.33,17.17,19.00,5605.32,5387.14
15217.00,21.38,18.33,17.17,19.00,5605.32,5387.14
15220.00,21.38,18.33,17.17,19.00,5605.32,5387.14
15223.00,21.38,18.33,17.17,19.00,5605.32,5387.14
15226.00,21.38,18.33,17.17,19.00,5605.32,5387.14
15229.00,14.97,20.96,21.02,17.42,5640.35,5416.18
15233.00,14.97,20.96,21.02,17.42,5640.35,5416.18
15236.00,14.97,20.96,21.02,17.42,5640.35,5416.18
15239.00,14.97,20.96,21.02,17.42,5640.35,5416.18
15242.00,14.97,20.96,21.02,17.42,5640.35,5416.18
15245.00,14.97,20.96,21.02,17.42,5640.35,5416.18
15248.00,14.97,20.96,21.02,17.42,5640.35,5416.18
15251.00,14.97,20.96,21.02,17.42,5640.35,5416.18
15255.00,14.97,20.96,21.02,17.42,5640.35,5416.18
15258.00,14.97,20.96,21.02,17.42,5640.35,5416.18
15261.00,14.97,20.96,21.02,17.42,5640.35,5416.18
15264.00,14.97,20.96,21.02,17.42,5640.35,5416.18
15267.00,14.97,20.96,21.02,17.42,5640.35,5416.18
15270.00,14.97,20.96,21.02,17.42,5640.35,5416.18
15273.00,14.97,20.96,21.02,17.42,5640.35,5416.18
15277.00,14.97,20.96,21.02,17.42,5640.35,5416.18
15280.00,17.97,20.96,19.22,17.42,5672.38,5445.22
15283.00,17.97,20.96,19.22,17.42,5672.38,5445.22
15286.00,17.97,20.96,19.22,17.42,5672.38,5445.22
15289.00,17.97,20.96,19.22,17.42,5672.38,5445.22
15293.00,17.97,20.96,19.22,17.42,5672.38,5445.22
15296.00,17.97,20.96,19.22,17.42,5672.38,5445.22
15299.00,17.97,20.96,19.22,17.42,5672.38,5445.22
15302.00,17.97,20.96,19.22,17.42,5672.38,5445.22
15305.00,17.97,20.96,19.22,17.42,5672.38,5445.22
15308.00,17.97,20.96,19.22,17.42,5672.38,5445.22
15311.00,17.97,20.96,19.22,17.42,5672.38,5445.22
15314.00,17.97,20.96,19.22,17.42,5672.38,5445.22
15318.00,17.97,20.96,19.22,17.42,5672.38,5445.22
15321.00,17.97,20.96,19.22,17.42,5672.38,5445.22
15324.00,17.97,20.96,19.22,17.42,5672.38,5445.22
15327.00,17.97,20.96,19.22,17.42,5672.38,5445.22
15331.00,18.33,18.33,19.00,19.00,5704.05,5476.89
15334.00,18.33,18.33,19.00,19.00,5704.05,5476.89
15337.00,18.33,18.33,19.00,19.00,5704.05,5476.89
15340.00,18.33,18.33,19.00,19.00,5704.05,5476.89
15343.00,18.33,18.33,19.00,19.00,5704.05,5476.89
15346.00,18.33,18.33,19.00,19.00,5704.05,5476.89
15349.00,18.33,18.33,19.00,19.00,5704.05,5476.89
15352.00,18.33,18.33,19.00,19.00,5704.05,5476.89
15355.00,18.33,18.33,19.00,19.00,5704.05,5476.89
15358.00,18.33,18.33,19.00,19.00,5704.05,5476.89
15362.00,18.33,18.33,19.00,19.00,5704.05,5476.89
15365.00,18.33,18.33,19.00,19.00,5704.05,5476.89
15368.00,18.33,18.33,19.00,19.00,5704.05,5476.89
15371.00,18.33,18.33,19.00,19.00,5704.05,5476.89
15374.00,18.33,18.33,19.00,19.00,5704.05,5476.89
15377.00,18.33,18.33,19.00,19.00,5704.05,5476.89
15381.00,21.38,21.38,17.17,17.17,5732.67,5505.51
15384.00,21.38,21.38,17.17,17.17,5732.67,5505.51
15387.00,21.38,21.38,17.17,17.17,5732.67,5505.51
15390.00,21.38,21.38,17.17,17.17,5732.67,5505.51
15393.00,21.38,21.38,17.17,17.17,5732.67,5505.51
15396.00,21.38,21.38,17.17,17.17,5732.67,5505.51
15399.00,21.38,21.38,17.17,17.17,5732.67,5505.51
15403.00,21.38,21.38,17.17,17.17,5732.67,5505.51
15406.00,21.38,21.38,17.17,17.17,5732.67,5505.51
15409.00,21.38,21.38,17.17,17.17,5732.67,5505.51
15412.00,21.38,21.38,17.17,17.17,5732.67,5505.51
15415.00,21.38,21.38,17.17,17.17,5732.67,5505.51
15418.00,21.38,21.38,17.17,17.17,5732.67,5505.51
15421.00,21.38,21.38,17.17,17.17,5732.67,5505.51
15424.00,21.38,21.38,17.17,17.17,5732.67,5505.51
15428.00,21.38,21.38,17.17,17.17,5732.67,5505.51
15431.00,15.27,18.33,20.84,19.00,5767.40,5537.18
15434.00,15.27,18.33,20.84,19.00,5767.40,5537.18
15437.00,15.27,18.33,20.84,19.00,5767.40,5537.18
15440.00,15.27,18.33,20.84,19.00,5767.40,5537.18
15443.00,15.27,18.33,20.84,19.00,5767.40,5537.18
15447.00,15.27,18.33,20.84,19.00,5767.40,5537.18
15450.00,15.27,18.33,20.84,19.00,5767.40,5537.18
15453.00,15.27,18.33,20.84,19.00,5767.40,5537.18
15456.00,15.27,18.33,20.84,19.00,5767.40,5537.18
15459.00,15.27,18.33,20.84,19.00,5767.40,5537.18
15462.00,15.27,18.33,20.84,19.00,5767.40,5537.18
15465.00,15.27,18.33,20.84,19.00,5767.40,5537.18
15469.00,15.27,18.33,20.84,19.00,5767.40,5537.18
15472.00,15.27,18.33,20.84,19.00,5767.40,5537.18
15475.00,15.27,18.33,20.84,19.00,5767.40,5537.18
15478.00,15.27,18.33,20.84,19.00,5767.40,5537.18
15481.00,17.97,23.96,19.22,15.63,5799.44,5563.23
15484.00,17.97,23.96,19.22,15.63,5799.44,5563.23
15488.00,17.97,23.96,19.22,15.63,5799.44,5563.23
15491.00,17.97,23.96,19.22,15.63,5799.44,5563.23
15494.00,17.97,23.96,19.22,15.63,5799.44,5563.23
15497.00,17.97,23.96,19.22,15.63,5799.44,5563.23
15500.00,17.97,23.96,19.22,15.63,5799.44,5563.23
15504.00,17.97,23.96,19.22,15.63,5799.44,5563.23
15507.00,17.97,23.96,19.22,15.63,5799.44,5563.23
15510.00,17.97,23.96,19.22,15.63,5799.44,5563.23
15513.00,17.97,23.96,19.22,15.63,5799.44,5563.23
15516.00,17.97,23.96,19.22,15.63,5799.44,5563.23
15519.00,17.97,23.96,19.22,15.63,5799.44,5563.23
15522.00,17.97,23.96,19.22,15.63,5799.44,5563.23
15525.00,17.97,23.96,19.22,15.63,5799.44,5563.23
15528.00,17.97,23.96,19.22,15.63,5799.44,5563.23
15532.00,17.97,17.97,19.22,19.22,5831.47,5595.26
15535.00,17.97,17.97,19.22,19.22,5831.47,5595.26
15539.00,17.97,17.97,19.22,19.22,5831.47,5595.26
15542.00,17.97,17.97,19.22,19.22,5831.47,5595.26
15545.00,17.97,17.97,19.22,19.22,5831.47,5595.26
15548.00,17.97,17.97,19.22,19.22,5831.47,5595.26
15551.00,17.97,17.97,19.22,19.22,5831.47,5595.26
15554.00,17.97,17.97,19.22,19.22,5831.47,5595.26
15557.00,17.97,17.97,19.22,19.22,5831.47,5595.26
15560.00,17.97,17.97,19.22,19.22,5831.47,5595.26
15563.00,17.97,17.97,19.22,19.22,5831.47,5595.26
15566.00,17.97,17.97,19.22,19.22,5831.47,5595.26
15569.00,17.97,17.97,19.22,19.22,5831.47,5595.26
15572.00,17.97,17.97,19.22,19.22,5831.47,5595.26
15576.00,17.97,17.97,19.22,19.22,5831.47,5595.26
15579.00,17.97,17.97,19.22,19.22,5831.47,5595.26
15583.00,18.33,18.33,19.00,19.00,5863.14,5626.93
15586.00,18.33,18.33,19.00,19.00,5863.14,5626.93
15589.00,18.33,18.33,19.00,19.00,5863.14,5626.93
15592.00,18.33,18.33,19.00,19.00,5863.14,5626.93
15595.00,18.33,18.33,19.00,19.00,5863.14,5626.93
15598.00,18.33,18.33,19.00,19.00,5863.14,5626.93
15601.00,18.33,18.33,19.00,19.00,5863.14,5626.93
15604.00,18.33,18.33,19.00,19.00,5863.14,5626.93
15607.00,18.33,18.33,19.00,19.00,5863.14,5626.93
15610.00,18.33,18.33,19.00,19.00,5863.14,5626.93
15613.00,18.33,18.33,19.00,19.00,5863.14,5626.93
15617.00,18.33,18.33,19.00,19.00,5863.14,5626.93
15620.00,18.33,18.33,19.00,19.00,5863.14,5626.93
15623.00,18.33,18.33,19.00,19.00,5863.14,5626.93
15626.00,18.33,18.33,19.00,19.00,5863.14,5626.93
15630.00,18.33,18.33,19.00,19.00,5863.14,5626.93
15633.00,18.33,24.43,19.00,15.34,5894.82,5652.50
15636.00,18.33,24.43,19.00,15.34,5894.82,5652.50
15639.00,18.33,24.43,19.00,15.34,5894.82,5652.50
15642.00,18.33,24.43,19.00,15.34,5894.82,5652.50
15645.00,18.33,24.43,19.00,15.34,5894.82,5652.50
15648.00,18.33,24.43,19.00,15.34,5894.82,5652.50
15651.00,18.33,24.43,19.00,15.34,5894.82,5652.50
15654.00,18.33,24.43,19.00,15.34,5894.82,5652.50
15657.00,18.33,24.43,19.00,15.34,5894.82,5652.50
15661.00,18.33,24.43,19.00,15.34,5894.82,5652.50
15664.00,18.33,24.43,19.00,15.34,5894.82,5652.50
15667.00,18.33,24.43,19.00,15.34,5894.82,5652.50
15670.00,18.33,24.43,19.00,15.34,5894.82,5652.50
15674.00,18.33,24.43,19.00,15.34,5894.82,5652.50
15677.00,18.33,24.43,19.00,15.34,5894.82,5652.50
15680.00,18.33,24.43,19.00,15.34,5894.82,5652.50
15683.00,17.97,17.97,19.22,19.22,5926.85,5684.53
15686.00,17.97,17.97,19.22,19.22,5926.85,5684.53
15689.00,17.97,17.97,19.22,19.22,5926.85,5684.53
15692.00,17.97,17.97,19.22,19.22,5926.85,5684.53
15695.00,17.97,17.97,19.22,19.22,5926.85,5684.53
15698.00,17.97,17.97,19.22,19.22,5926.85,5684.53
15702.00,17.97,17.97,19.22,19.22,5926.85,5684.53
15705.00,17.97,17.97,19.22,19.22,5926.85,5684.53
15708.00,17.97,17.97,19.22,19.22,5926.85,5684.53
15712.00,17.97,17.97,19.22,19.22,5926.85,5684.53
15715.00,17.97,17.97,19.22,19.22,5926.85,5684.53
15718.00,17.97,17.97,19.22,19.22,5926.85,5684.53
15721.00,17.97,17.97,19.22,19.22,5926.85,5684.53
15724.00,17.97,17.97,19.22,19.22,5926.85,5684.53
15727.00,17.97,17.97,19.22,19.22,5926.85,5684.53
15730.00,17.97,17.97,19.22,19.22,5926.85,5684.53
15733.00,18.33,21.38,19.00,17.17,5958.52,5713.15
15736.00,18.33,21.38,19.00,17.17,5958.52,5713.15
15739.00,18.33,21.38,19.00,17.17,5958.52,5713.15
15742.00,18.33,21.38,19.00,17.17,5958.52,5713.15
15747.00,18.33,21.38,19.00,17.17,5958.52,5713.15
15750.00,18.33,21.38,19.00,17.17,5958.52,5713.15
15753.00,18.33,21.38,19.00,17.17,5958.52,5713.15
15756.00,18.33,21.38,19.00,17.17,5958.52,5713.15
15759.00,18.33,21.38,19.00,17.17,5958.52,5713.15
15762.00,18.33,21.38,19.00,17.17,5958.52,5713.15
15765.00,18.33,21.38,19.00,17.17,5958.52,5713.15
15768.00,18.33,21.38,19.00,17.17,5958.52,5713.15
15771.00,18.33,21.38,19.00,17.17,5958.52,5713.15
15774.00,18.33,21.38,19.00,17.17,5958.52,5713.15
15777.00,18.33,21.38,19.00,17.17,5958.52,5713.15
15780.00,18.33,21.38,19.00,17.17,5958.52,5713.15
15784.00,18.33,21.38,19.00,17.17,5990.20,5741.77
15788.00,18.33,21.38,19.00,17.17,5990.20,5741.77
15791.00,18.33,21.38,19.00,17.17,5990.20,5741.77
15794.00,18.33,21.38,19.00,17.17,5990.20,5741.77
15797.00,18.33,21.38,19.00,17.17,5990.20,5741.77
15800.00,18.33,21.38,19.00,17.17,5990.20,5741.77
15803.00,18.33,21.38,19.00,17.17,5990.20,5741.77
15806.00,18.33,21.38,19.00,17.17,5990.20,5741.77
15809.00,18.33,21.38,19.00,17.17,5990.20,5741.77
15812.00,18.33,21.38,19.00,17.17,5990.20,5741.77
15815.00,18.33,21.38,19.00,17.17,5990.20,5741.77
15818.00,18.33,21.38,19.00,17.17,5990.20,5741.77
15821.00,18.33,21.38,19.00,17.17,5990.20,5741.77
15824.00,18.33,21.38,19.00,17.17,5990.20,5741.77
15827.00,18.33,21.38,19.00,17.17,5990.20,5741.77
15831.00,18.33,21.38,19.00,17.17,5990.20,5741.77
15835.00,17.97,17.97,19.22,19.22,6022.23,5773.81
15838.00,17.97,17.97,19.22,19.22,6022.23,5773.81
15841.00,17.97,17.97,19.22,19.22,6022.23,5773.81
15844.00,17.97,17.97,19.22,19.22,6022.23,5773.81
15847.00,17.97,17.97,19.22,19.22,6022.23,5773.81
15850.00,17.97,17.97,19.22,19.22,6022.23,5773.81
15853.00,17.97,17.97,19.22,19.22,6022.23,5773.81
15856.00,17.97,17.97,19.22,19.22,6022.23,5773.81
15859.00,17.97,17.97,19.22,19.22,6022.23,5773.81
15862.00,17.97,17.97,19.22,19.22,6022.23,5773.81
15865.00,17.97,17.97,19.22,19.22,6022.23,5773.81
15868.00,17.97,17.97,19.22,19.22,6022.23,5773.81
15873.00,17.97,17.97,19.22,19.22,6022.23,5773.81
15876.00,17.97,17.97,19.22,19.22,6022.23,5773.81
15879.00,17.97,17.97,19.22,19.22,6022.23,5773.81
15882.00,17.97,17.97,19.22,19.22,6022.23,5773.81
15885.00,17.97,20.96,19.22,17.42,6054.26,5802.84
15888.00,17.97,20.96,19.22,17.42,6054.26,5802.84
15891.00,17.97,20.96,19.22,17.42,6054.26,5802.84
15894.00,17.97,20.96,19.22,17.42,6054.26,5802.84
15897.00,17.97,20.96,19.22,17.42,6054.26,5802.84
15900.00,17.97,20.96,19.22,17.42,6054.26,5802.84
15903.00,17.97,20.96,19.22,17.42,6054.26,5802.84
15907.00,17.97,20.96,19.22,17.42,6054.26,5802.84
15910.00,17.97,20.96,19.22,17.42,6054.26,5802.84
15913.00,17.97,20.96,19.22,17.42,6054.26,5802.84
15917.00,17.97,20.96,19.22,17.42,6054.26,5802.84
15920.00,17.97,20.96,19.22,17.42,6054.26,5802.84
15923.00,17.97,20.96,19.22,17.42,6054.26,5802.84
15926.00,17.97,20.96,19.22,17.42,6054.26,5802.84
15929.00,17.97,20.96,19.22,17.42,6054.26,5802.84
15932.00,17.97,20.96,19.22,17.42,6054.26,5802.84
15935.00,18.33,21.38,19.00,17.17,6085.94,5831.46
15938.00,18.33,21.38,19.00,17.17,6085.94,5831.46
15941.00,18.33,21.38,19.00,17.17,6085.94,5831.46
15945.00,18.33,21.38,19.00,17.17,6085.94,5831.46
15948.00,18.33,21.38,19.00,17.17,6085.94,5831.46
15951.00,18.33,21.38,19.00,17.17,6085.94,5831.46
15954.00,18.33,21.38,19.00,17.17,6085.94,5831.46
15958.00,18.33,21.38,19.00,17.17,6085.94,5831.46
15961.00,18.33,21.38,19.00,17.17,6085.94,5831.46
15964.00,18.33,21.38,19.00,17.17,6085.94,5831.46
15967.00,18.33,21.38,19.00,17.17,6085.94,5831.46
15970.00,18.33,21.38,19.00,17.17,6085.94,5831.46
15973.00,18.33,21.38,19.00,17.17,6085.94,5831.46
15976.00,18.33,21.38,19.00,17.17,6085.94,5831.46
15979.00,18.33,21.38,19.00,17.17,6085.94,5831.46
15982.00,18.33,21.38,19.00,17.17,6085.94,5831.46
15986.00,18.33,18.33,19.00,19.00,6117.61,5863.14
15989.00,18.33,18.33,19.00,19.00,6117.61,5863.14
15992.00,18.33,18.33,19.00,19.00,6117.61,5863.14
15995.00,18.33,18.33,19.00,19.00,6117.61,5863.14
15998.00,18.33,18.33,19.00,19.00,6117.61,5863.14
16002.00,18.33,18.33,19.00,19.00,6117.61,5863.14
16005.00,18.33,18.33,19.00,19.00,6117.61,5863.14
16008.00,18.33,18.33,19.00,19.00,6117.61,5863.14
16011.00,18.33,18.33,19.00,19.00,6117.61,5863.14
16014.00,18.33,18.33,19.00,19.00,6117.61,5863.14
16017.00,18.33,18.33,19.00,19.00,6117.61,5863.14
16020.00,18.33,18.33,19.00,19.00,6117.61,5863.14
16023.00,18.33,18.33,19.00,19.00,6117.61,5863.14
16026.00,18.33,18.33,19.00,19.00,6117.61,5863.14
16029.00,18.33,18.33,19.00,19.00,6117.61,5863.14
16032.00,18.33,18.33,19.00,19.00,6117.61,5863.14
16036.00,15.27,21.38,20.84,17.17,6152.34,5891.76
16039.00,15.27,21.38,20.84,17.17,6152.34,5891.76
16043.00,15.27,21.38,20.84,17.17,6152.34,5891.76
16046.00,15.27,21.38,20.84,17.17,6152.34,5891.76
16049.00,15.27,21.38,20.84,17.17,6152.34,5891.76
16052.00,15.27,21.38,20.84,17.17,6152.34,5891.76
16055.00,15.27,21.38,20.84,17.17,6152.34,5891.76
16058.00,15.27,21.38,20.84,17.17,6152.34,5891.76
16061.00,15.27,21.38,20.84,17.17,6152.34,5891.76
16064.00,15.27,21.38,20.84,17.17,6152.34,5891.76
16067.00,15.27,21.38,20.84,17.17,6152.34,5891.76
16070.00,15.27,21.38,20.84,17.17,6152.34,5891.76
16073.00,15.27,21.38,20.84,17.17,6152.34,5891.76
16076.00,15.27,21.38,20.84,17.17,6152.34,5891.76
16080.00,15.27,21.38,20.84,17.17,6152.34,5891.76
16083.00,15.27,21.38,20.84,17.17,6152.34,5891.76
16087.00,20.56,20.56,17.67,17.67,6181.78,5921.20
16090.00,20.56,20.56,17.67,17.67,6181.78,5921.20
16093.00,20.56,20.56,17.67,17.67,6181.78,5921.20
16096.00,20.56,20.56,17.67,17.67,6181.78,5921.20
16099.00,20.56,20.56,17.67,17.67,6181.78,5921.20
16102.00,20.56,20.56,17.67,17.67,6181.78,5921.20
16105.00,20.56,20.56,17.67,17.67,6181.78,5921.20
16108.00,20.56,20.56,17.67,17.67,6181.78,5921.20
16111.00,20.56,20.56,17.67,17.67,6181.78,5921.20
16114.00,20.56,20.56,17.67,17.67,6181.78,5921.20
16118.00,20.56,20.56,17.67,17.67,6181.78,5921.20
16121.00,20.56,20.56,17.67,17.67,6181.78,5921.20
16124.00,20.56,20.56,17.67,17.67,6181.78,5921.20
16128.00,20.56,20.56,17.67,17.67,6181.78,5921.20
16131.00,20.56,20.56,17.67,17.67,6181.78,5921.20
16134.00,20.56,20.56,17.67,17.67,6181.78,5921.20
16137.00,15.27,18.33,20.84,19.00,6216.51,5952.87
16140.00,15.27,18.33,20.84,19.00,6216.51,5952.87
16143.00,15.27,18.33,20.84,19.00,6216.51,5952.87
16146.00,15.27,18.33,20.84,19.00,6216.51,5952.87
16149.00,15.27,18.33,20.84,19.00,6216.51,5952.87
16152.00,15.27,18.33,20.84,19.00,6216.51,5952.87
16156.00,15.27,18.33,20.84,19.00,6216.51,5952.87
16159.00,15.27,18.33,20.84,19.00,6216.51,5952.87
16162.00,15.27,18.33,20.84,19.00,6216.51,5952.87
16165.00,15.27,18.33,20.84,19.00,6216.51,5952.87
16168.00,15.27,18.33,20.84,19.00,6216.51,5952.87
16172.00,15.27,18.33,20.84,19.00,6216.51,5952.87
16175.00,15.27,18.33,20.84,19.00,6216.51,5952.87
16178.00,15.27,18.33,20.84,19.00,6216.51,5952.87
16181.00,15.27,18.33,20.84,19.00,6216.51,5952.87
16184.00,15.27,18.33,20.84,19.00,6216.51,5952.87
16187.00,21.38,21.38,17.17,17.17,6245.13,5981.49
16190.00,21.38,21.38,17.17,17.17,6245.13,5981.49
16194.00,21.38,21.38,17.17,17.17,6245.13,5981.49
16197.00,21.38,21.38,17.17,17.17,6245.13,5981.49
16200.00,21.38,21.38,17.17,17.17,6245.13,5981.49
16203.00,21.38,21.38,17.17,17.17,6245.13,5981.49
16206.00,21.38,21.38,17.17,17.17,6245.13,5981.49
16209.00,21.38,21.38,17.17,17.17,6245.13,5981.49
16212.00,21.38,21.38,17.17,17.17,6245.13,5981.49
16216.00,21.38,21.38,17.17,17.17,6245.13,5981.49
16219.00,21.38,21.38,17.17,17.17,6245.13,5981.49
16222.00,21.38,21.38,17.17,17.17,6245.13,5981.49
16225.00,21.38,21.38,17.17,17.17,6245.13,5981.49
16228.00,21.38,21.38,17.17,17.17,6245.13,5981.49
16231.00,21.38,21.38,17.17,17.17,6245.13,5981.49
16234.00,21.38,21.38,17.17,17.17,6245.13,5981.49
16238.00,15.27,21.38,20.84,17.17,6279.86,6010.11
16241.00,15.27,21.38,20.84,17.17,6279.86,6010.11
16244.00,15.27,21.38,20.84,17.17,6279.86,6010.11
16247.00,15.27,21.38,20.84,17.17,6279.86,6010.11
16250.00,15.27,21.38,20.84,17.17,6279.86,6010.11
16253.00,15.27,21.38,20.84,17.17,6279.86,6010.11
16257.00,15.27,21.38,20.84,17.17,6279.86,6010.11
16260.00,15.27,21.38,20.84,17.17,6279.86,6010.11
16263.00,15.27,21.38,20.84,17.17,6279.86,6010.11
16266.00,15.27,21.38,20.84,17.17,6279.86,6010.11
16269.00,15.27,21.38,20.84,17.17,6279.86,6010.11
16272.00,15.27,21.38,20.84,17.17,6279.86,6010.11
16276.00,15.27,21.38,20.84,17.17,6279.86,6010.11
16279.00,15.27,21.38,20.84,17.17,6279.86,6010.11
16282.00,15.27,21.38,20.84,17.17,6279.86,6010.11
16285.00,15.27,21.38,20.84,17.17,6279.86,6010.11
16288.00,17.97,20.96,19.22,17.42,6311.89,6039.15
16291.00,17.97,20.96,19.22,17.42,6311.89,6039.15
16294.00,17.97,20.96,19.22,17.42,6311.89,6039.15
16297.00,17.97,20.96,19.22,17.42,6311.89,6039.15
16301.00,17.97,20.96,19.22,17.42,6311.89,6039.15
16304.00,17.97,20.96,19.22,17.42,6311.89,6039.15
16307.00,17.97,20.96,19.22,17.42,6311.89,6039.15
16311.00,17.97,20.96,19.22,17.42,6311.89,6039.15
16314.00,17.97,20.96,19.22,17.42,6311.89,6039.15
16317.00,17.97,20.96,19.22,17.42,6311.89,6039.15
16320.00,17.97,20.96,19.22,17.42,6311.89,6039.15
16323.00,17.97,20.96,19.22,17.42,6311.89,6039.15
16326.00,17.97,20.96,19.22,17.42,6311.89,6039.15
16329.00,17.97,20.96,19.22,17.42,6311.89,6039.15
16332.00,17.97,20.96,19.22,17.42,6311.89,6039.15
16335.00,17.97,20.96,19.22,17.42,6311.89,6039.15
16338.00,18.33,18.33,19.00,19.00,6343.57,6070.83
16342.00,18.33,18.33,19.00,19.00,6343.57,6070.83
16345.00,18.33,18.33,19.00,19.00,6343.57,6070.83
16348.00,18.33,18.33,19.00,19.00,6343.57,6070.83
16352.00,18.33,18.33,19.00,19.00,6343.57,6070.83
16355.00,18.33,18.33,19.00,19.00,6343.57,6070.83
16358.00,18.33,18.33,19.00,19.00,6343.57,6070.83
16361.00,18.33,18.33,19.00,19.00,6343.57,6070.83
16364.00,18.33,18.33,19.00,19.00,6343.57,6070.83