13260.00,-77.80,89.32,1277.99,-393.25,3257.06,2671.63
13263.00,-77.80,89.32,1277.99,-393.25,3257.06,2671.63
13267.00,-77.80,89.32,1277.99,-393.25,3257.06,2671.63
13271.00,-77.80,89.32,1277.99,-393.25,3257.06,2671.63
13275.00,455.27,-48.98,-4052.67,989.84,2851.79,2770.62
13279.00,455.27,-48.98,-4052.67,989.84,2851.79,2770.62
13282.00,455.27,-48.98,-4052.67,989.84,2851.79,2770.62
13285.00,455.27,-48.98,-4052.67,989.84,2851.79,2770.62
13289.00,455.27,-48.98,-4052.67,989.84,2851.79,2770.62
13292.00,455.27,-48.98,-4052.67,989.84,2851.79,2770.62
13295.00,455.27,-48.98,-4052.67,989.84,2851.79,2770.62
13299.00,455.27,-48.98,-4052.67,989.84,2851.79,2770.62
13302.00,455.27,-48.98,-4052.67,989.84,2851.79,2770.62
13305.00,455.27,-48.98,-4052.67,989.84,2851.79,2770.62
13309.00,455.27,-48.98,-4052.67,989.84,2851.79,2770.62
13313.00,455.27,-48.98,-4052.67,989.84,2851.79,2770.62
13316.00,455.27,-48.98,-4052.67,989.84,2851.79,2770.62
13320.00,455.27,-48.98,-4052.67,989.84,2851.79,2770.62
13323.00,455.27,-48.98,-4052.67,989.84,2851.79,2770.62
13327.00,98.82,50.91,-488.16,-9.05,2802.98,2769.71
13330.00,98.82,50.91,-488.16,-9.05,2802.98,2769.71
13333.00,98.82,50.91,-488.16,-9.05,2802.98,2769.71
13336.00,98.82,50.91,-488.16,-9.05,2802.98,2769.71
13339.00,98.82,50.91,-488.16,-9.05,2802.98,2769.71
13343.00,98.82,50.91,-488.16,-9.05,2802.98,2769.71
13346.00,98.82,50.91,-488.16,-9.05,2802.98,2769.71
13349.00,98.82,50.91,-488.16,-9.05,2802.98,2769.71
13353.00,98.82,50.91,-488.16,-9.05,2802.98,2769.71
13357.00,98.82,50.91,-488.16,-9.05,2802.98,2769.71
13360.00,98.82,50.91,-488.16,-9.05,2802.98,2769.71
13363.00,98.82,50.91,-488.16,-9.05,2802.98,2769.71
13367.00,98.82,50.91,-488.16,-9.05,2802.98,2769.71
13370.00,98.82,50.91,-488.16,-9.05,2802.98,2769.71
13373.00,98.82,50.91,-488.16,-9.05,2802.98,2769.71
13377.00,-448.99,219.91,4989.86,-1699.11,3301.96,2599.80
13380.00,-448.99,219.91,4989.86,-1699.11,3301.96,2599.80
13384.00,-448.99,219.91,4989.86,-1699.11,3301.96,2599.80
13387.00,-448.99,219.91,4989.86,-1699.11,3301.96,2599.80
13391.00,-448.99,219.91,4989.86,-1699.11,3301.96,2599.80
13394.00,-448.99,219.91,4989.86,-1699.11,3301.96,2599.80
13398.00,-448.99,219.91,4989.86,-1699.11,3301.96,2599.80
13402.00,-448.99,219.91,4989.86,-1699.11,3301.96,2599.80
13405.00,-448.99,219.91,4989.86,-1699.11,3301.96,2599.80
13408.00,-448.99,219.91,4989.86,-1699.11,3301.96,2599.80
13412.00,-448.99,219.91,4989.86,-1699.11,3301.96,2599.80
13415.00,-448.99,219.91,4989.86,-1699.11,3301.96,2599.80
13419.00,-448.99,219.91,4989.86,-1699.11,3301.96,2599.80
13422.00,-448.99,219.91,4989.86,-1699.11,3301.96,2599.80
13426.00,-94.68,-204.64,1446.84,2546.40,3446.65,2854.44
13429.00,-94.68,-204.64,1446.84,2546.40,3446.65,2854.44
13433.00,-94.68,-204.64,1446.84,2546.40,3446.65,2854.44
13436.00,-94.68,-204.64,1446.84,2546.40,3446.65,2854.44
13441.00,-94.68,-204.64,1446.84,2546.40,3446.65,2854.44
13444.00,-94.68,-204.64,1446.84,2546.40,3446.65,2854.44
13448.00,-94.68,-204.64,1446.84,2546.40,3446.65,2854.44
13451.00,-94.68,-204.64,1446.84,2546.40,3446.65,2854.44
13454.00,-94.68,-204.64,1446.84,2546.40,3446.65,2854.44
13458.00,-94.68,-204.64,1446.84,2546.40,3446.65,2854.44
13461.00,-94.68,-204.64,1446.84,2546.40,3446.65,2854.44
13465.00,-94.68,-204.64,1446.84,2546.40,3446.65,2854.44
13468.00,-94.68,-204.64,1446.84,2546.40,3446.65,2854.44
13472.00,-94.68,-204.64,1446.84,2546.40,3446.65,2854.44
13475.00,-94.68,-204.64,1446.84,2546.40,3446.65,2854.44
13479.00,452.39,31.70,-4023.86,183.04,3044.26,2872.74
13484.00,452.39,31.70,-4023.86,183.04,3044.26,2872.74
13487.00,452.39,31.70,-4023.86,183.04,3044.26,2872.74
13490.00,452.39,31.70,-4023.86,183.04,3044.26,2872.74
13494.00,452.39,31.70,-4023.86,183.04,3044.26,2872.74
13497.00,452.39,31.70,-4023.86,183.04,3044.26,2872.74
13501.00,452.39,31.70,-4023.86,183.04,3044.26,2872.74
13504.00,452.39,31.70,-4023.86,183.04,3044.26,2872.74
13507.00,452.39,31.70,-4023.86,183.04,3044.26,2872.74
13510.00,452.39,31.70,-4023.86,183.04,3044.26,2872.74
13514.00,452.39,31.70,-4023.86,183.04,3044.26,2872.74
13517.00,452.39,31.70,-4023.86,183.04,3044.26,2872.74
13520.00,452.39,31.70,-4023.86,183.04,3044.26,2872.74
13524.00,452.39,31.70,-4023.86,183.04,3044.26,2872.74
13528.00,452.39,31.70,-4023.86,183.04,3044.26,2872.74
13532.00,67.55,402.35,-175.48,-3523.49,3026.71,2520.39
13535.00,67.55,402.35,-175.48,-3523.49,3026.71,2520.39
13539.00,67.55,402.35,-175.48,-3523.49,3026.71,2520.39
13542.00,67.55,402.35,-175.48,-3523.49,3026.71,2520.39
13545.00,67.55,402.35,-175.48,-3523.49,3026.71,2520.39
13549.00,67.55,402.35,-175.48,-3523.49,3026.71,2520.39
13552.00,67.55,402.35,-175.48,-3523.49,3026.71,2520.39
13555.00,67.55,402.35,-175.48,-3523.49,3026.71,2520.39
13559.00,67.55,402.35,-175.48,-3523.49,3026.71,2520.39
13562.00,67.55,402.35,-175.48,-3523.49,3026.71,2520.39
13566.00,67.55,402.35,-175.48,-3523.49,3026.71,2520.39
13570.00,67.55,402.35,-175.48,-3523.49,3026.71,2520.39
13573.00,67.55,402.35,-175.48,-3523.49,3026.71,2520.39
13577.00,67.55,402.35,-175.48,-3523.49,3026.71,2520.39
13580.00,67.55,402.35,-175.48,-3523.49,3026.71,2520.39
13584.00,-348.65,-43.22,3986.54,932.22,3425.37,2613.62
13587.00,-348.65,-43.22,3986.54,932.22,3425.37,2613.62
13591.00,-348.65,-43.22,3986.54,932.22,3425.37,2613.62
13594.00,-348.65,-43.22,3986.54,932.22,3425.37,2613.62
13597.00,-348.65,-43.22,3986.54,932.22,3425.37,2613.62
13601.00,-348.65,-43.22,3986.54,932.22,3425.37,2613.62
13604.00,-348.65,-43.22,3986.54,932.22,3425.37,2613.62
13607.00,-348.65,-43.22,3986.54,932.22,3425.37,2613.62
13612.00,-348.65,-43.22,3986.54,932.22,3425.37,2613.62
13615.00,-348.65,-43.22,3986.54,932.22,3425.37,2613.62
13618.00,-348.65,-43.22,3986.54,932.22,3425.37,2613.62
13622.00,-348.65,-43.22,3986.54,932.22,3425.37,2613.62
13625.00,-348.65,-43.22,3986.54,932.22,3425.37,2613.62
13628.00,-348.65,-43.22,3986.54,932.22,3425.37,2613.62
13632.00,-348.65,-43.22,3986.54,932.22,3425.37,2613.62
13635.00,44.92,44.92,50.83,50.83,3430.45,2618.70
13639.00,44.92,44.92,50.83,50.83,3430.45,2618.70
13642.00,44.92,44.92,50.83,50.83,3430.45,2618.70
13645.00,44.92,44.92,50.83,50.83,3430.45,2618.70
13648.00,44.92,44.92,50.83,50.83,3430.45,2618.70
13651.00,44.92,44.92,50.83,50.83,3430.45,2618.70
13656.00,44.92,44.92,50.83,50.83,3430.45,2618.70
13659.00,44.92,44.92,50.83,50.83,3430.45,2618.70
13662.00,44.92,44.92,50.83,50.83,3430.45,2618.70
13665.00,44.92,44.92,50.83,50.83,3430.45,2618.70
13668.00,44.92,44.92,50.83,50.83,3430.45,2618.70
13672.00,44.92,44.92,50.83,50.83,3430.45,2618.70
13675.00,44.92,44.92,50.83,50.83,3430.45,2618.70
13678.00,44.92,44.92,50.83,50.83,3430.45,2618.70
13681.00,44.92,44.92,50.83,50.83,3430.45,2618.70
13684.00,44.92,44.92,50.83,50.83,3430.45,2618.70
13688.00,279.00,284.87,-2290.01,-2348.75,3201.45,2383.82
13691.00,279.00,284.87,-2290.01,-2348.75,3201.45,2383.82
13694.00,279.00,284.87,-2290.01,-2348.75,3201.45,2383.82
13699.00,279.00,284.87,-2290.01,-2348.75,3201.45,2383.82
13702.00,279.00,284.87,-2290.01,-2348.75,3201.45,2383.82
13705.00,279.00,284.87,-2290.01,-2348.75,3201.45,2383.82
13709.00,279.00,284.87,-2290.01,-2348.75,3201.45,2383.82
13712.00,279.00,284.87,-2290.01,-2348.75,3201.45,2383.82
13715.00,279.00,284.87,-2290.01,-2348.75,3201.45,2383.82
13719.00,279.00,284.87,-2290.01,-2348.75,3201.45,2383.82
13722.00,279.00,284.87,-2290.01,-2348.75,3201.45,2383.82
13726.00,279.00,284.87,-2290.01,-2348.75,3201.45,2383.82
13729.00,279.00,284.87,-2290.01,-2348.75,3201.45,2383.82
13733.00,279.00,284.87,-2290.01,-2348.75,3201.45,2383.82
13736.00,279.00,284.87,-2290.01,-2348.75,3201.45,2383.82
13741.00,-152.72,-149.89,2027.16,1998.88,3404.17,2583.71
13745.00,-152.72,-149.89,2027.16,1998.88,3404.17,2583.71
13748.00,-152.72,-149.89,2027.16,1998.88,3404.17,2583.71
13751.00,-152.72,-149.89,2027.16,1998.88,3404.17,2583.71
13755.00,-152.72,-149.89,2027.16,1998.88,3404.17,2583.71
13758.00,-152.72,-149.89,2027.16,1998.88,3404.17,2583.71
13762.00,-152.72,-149.89,2027.16,1998.88,3404.17,2583.71
13765.00,-152.72,-149.89,2027.16,1998.88,3404.17,2583.71
13768.00,-152.72,-149.89,2027.16,1998.88,3404.17,2583.71
13772.00,-152.72,-149.89,2027.16,1998.88,3404.17,2583.71
13775.00,-152.72,-149.89,2027.16,1998.88,3404.17,2583.71
13778.00,-152.72,-149.89,2027.16,1998.88,3404.17,2583.71
13783.00,-152.72,-149.89,2027.16,1998.88,3404.17,2583.71
13786.00,-152.72,-149.89,2027.16,1998.88,3404.17,2583.71
13790.00,-152.72,-149.89,2027.16,1998.88,3404.17,2583.71
13794.00,29.37,17.62,206.31,323.79,3424.80,2616.09
13797.00,29.37,17.62,206.31,323.79,3424.80,2616.09
13800.00,29.37,17.62,206.31,323.79,3424.80,2616.09
13804.00,29.37,17.62,206.31,323.79,3424.80,2616.09
13807.00,29.37,17.62,206.31,323.79,3424.80,2616.09
13810.00,29.37,17.62,206.31,323.79,3424.80,2616.09
13814.00,29.37,17.62,206.31,323.79,3424.80,2616.09
13817.00,29.37,17.62,206.31,323.79,3424.80,2616.09
13820.00,29.37,17.62,206.31,323.79,3424.80,2616.09
13825.00,29.37,17.62,206.31,323.79,3424.80,2616.09
13828.00,29.37,17.62,206.31,323.79,3424.80,2616.09
13831.00,29.37,17.62,206.31,323.79,3424.80,2616.09
13835.00,29.37,17.62,206.31,323.79,3424.80,2616.09
13838.00,29.37,17.62,206.31,323.79,3424.80,2616.09
13841.00,29.37,17.62,206.31,323.79,3424.80,2616.09
13845.00,417.03,493.39,-3670.33,-4433.91,3057.77,2172.70
13849.00,417.03,493.39,-3670.33,-4433.91,3057.77,2172.70
13852.00,417.03,493.39,-3670.33,-4433.91,3057.77,2172.70
13856.00,417.03,493.39,-3670.33,-4433.91,3057.77,2172.70
13859.00,417.03,493.39,-3670.33,-4433.91,3057.77,2172.70
13863.00,417.03,493.39,-3670.33,-4433.91,3057.77,2172.70
13867.00,417.03,493.39,-3670.33,-4433.91,3057.77,2172.70
13870.00,417.03,493.39,-3670.33,-4433.91,3057.77,2172.70
13874.00,417.03,493.39,-3670.33,-4433.91,3057.77,2172.70
13877.00,417.03,493.39,-3670.33,-4433.91,3057.77,2172.70
13880.00,417.03,493.39,-3670.33,-4433.91,3057.77,2172.70
13884.00,417.03,493.39,-3670.33,-4433.91,3057.77,2172.70
13887.00,417.03,493.39,-3670.33,-4433.91,3057.77,2172.70
13891.00,417.03,493.39,-3670.33,-4433.91,3057.77,2172.70
13894.00,417.03,493.39,-3670.33,-4433.91,3057.77,2172.70
13898.00,5.87,102.79,441.26,-527.90,3101.89,2119.91
13901.00,5.87,102.79,441.26,-527.90,3101.89,2119.91
13904.00,5.87,102.79,441.26,-527.90,3101.89,2119.91
13908.00,5.87,102.79,441.26,-527.90,3101.89,2119.91
13912.00,5.87,102.79,441.26,-527.90,3101.89,2119.91
13915.00,5.87,102.79,441.26,-527.90,3101.89,2119.91
13918.00,5.87,102.79,441.26,-527.90,3101.89,2119.91
13921.00,5.87,102.79,441.26,-527.90,3101.89,2119.91
13925.00,5.87,102.79,441.26,-527.90,3101.89,2119.91
13928.00,5.87,102.79,441.26,-527.90,3101.89,2119.91
13931.00,5.87,102.79,441.26,-527.90,3101.89,2119.91
13935.00,5.87,102.79,441.26,-527.90,3101.89,2119.91
13938.00,5.87,102.79,441.26,-527.90,3101.89,2119.91
13941.00,5.87,102.79,441.26,-527.90,3101.89,2119.91
13945.00,5.87,102.79,441.26,-527.90,3101.89,2119.91
13948.00,74.86,-449.17,-248.61,4991.66,3077.03,2619.08
13953.00,74.86,-449.17,-248.61,4991.66,3077.03,2619.08
13956.00,74.86,-449.17,-248.61,4991.66,3077.03,2619.08
13959.00,74.86,-449.17,-248.61,4991.66,3077.03,2619.08
13963.00,74.86,-449.17,-248.61,4991.66,3077.03,2619.08
13966.00,74.86,-449.17,-248.61,4991.66,3077.03,2619.08
13969.00,74.86,-449.17,-248.61,4991.66,3077.03,2619.08
13973.00,74.86,-449.17,-248.61,4991.66,3077.03,2619.08
13976.00,74.86,-449.17,-248.61,4991.66,3077.03,2619.08
13979.00,74.86,-449.17,-248.61,4991.66,3077.03,2619.08
13982.00,74.86,-449.17,-248.61,4991.66,3077.03,2619.08
13986.00,74.86,-449.17,-248.61,4991.66,3077.03,2619.08
13989.00,74.86,-449.17,-248.61,4991.66,3077.03,2619.08
13992.00,74.86,-449.17,-248.61,4991.66,3077.03,2619.08
13997.00,74.86,-449.17,-248.61,4991.66,3077.03,2619.08
14000.00,-2.94,-82.23,529.37,1322.32,3129.97,2751.31
14004.00,-2.94,-82.23,529.37,1322.32,3129.97,2751.31
14007.00,-2.94,-82.23,529.37,1322.32,3129.97,2751.31
14010.00,-2.94,-82.23,529.37,1322.32,3129.97,2751.31
14014.00,-2.94,-82.23,529.37,1322.32,3129.97,2751.31
14017.00,-2.94,-82.23,529.37,1322.32,3129.97,2751.31
14020.00,-2.94,-82.23,529.37,1322.32,3129.97,2751.31
14023.00,-2.94,-82.23,529.37,1322.32,3129.97,2751.31
14027.00,-2.94,-82.23,529.37,1322.32,3129.97,2751.31
14030.00,-2.94,-82.23,529.37,1322.32,3129.97,2751.31
14033.00,-2.94,-82.23,529.37,1322.32,3129.97,2751.31
14038.00,-2.94,-82.23,529.37,1322.32,3129.97,2751.31
14041.00,-2.94,-82.23,529.37,1322.32,3129.97,2751.31
14044.00,-2.94,-82.23,529.37,1322.32,3129.97,2751.31
14048.00,-2.94,-82.23,529.37,1322.32,3129.97,2751.31
14051.00,122.77,458.15,-727.72,-4081.49,3057.20,2343.16
14055.00,122.77,458.15,-727.72,-4081.49,3057.20,2343.16
14058.00,122.77,458.15,-727.72,-4081.49,3057.20,2343.16
14062.00,122.77,458.15,-727.72,-4081.49,3057.20,2343.16
14065.00,122.77,458.15,-727.72,-4081.49,3057.20,2343.16
14069.00,122.77,458.15,-727.72,-4081.49,3057.20,2343.16
14072.00,122.77,458.15,-727.72,-4081.49,3057.20,2343.16
14075.00,122.77,458.15,-727.72,-4081.49,3057.20,2343.16
14078.00,122.77,458.15,-727.72,-4081.49,3057.20,2343.16
14083.00,122.77,458.15,-727.72,-4081.49,3057.20,2343.16
14086.00,122.77,458.15,-727.72,-4081.49,3057.20,2343.16
14089.00,122.77,458.15,-727.72,-4081.49,3057.20,2343.16
14093.00,122.77,458.15,-727.72,-4081.49,3057.20,2343.16
14096.00,122.77,458.15,-727.72,-4081.49,3057.20,2343.16
14100.00,122.77,458.15,-727.72,-4081.49,3057.20,2343.16
14103.00,-35.24,82.23,852.42,-322.32,3142.44,2310.93
14107.00,-35.24,82.23,852.42,-322.32,3142.44,2310.93
14110.00,-35.24,82.23,852.42,-322.32,3142.44,2310.93
14113.00,-35.24,82.23,852.42,-322.32,3142.44,2310.93
14117.00,-35.24,82.23,852.42,-322.32,3142.44,2310.93
14120.00,-35.24,82.23,852.42,-322.32,3142.44,2310.93
14124.00,-35.24,82.23,852.42,-322.32,3142.44,2310.93
14127.00,-35.24,82.23,852.42,-322.32,3142.44,2310.93
14131.00,-35.24,82.23,852.42,-322.32,3142.44,2310.93
14134.00,-35.24,82.23,852.42,-322.32,3142.44,2310.93
14137.00,-35.24,82.23,852.42,-322.32,3142.44,2310.93
14141.00,-35.24,82.23,852.42,-322.32,3142.44,2310.93
14144.00,-35.24,82.23,852.42,-322.32,3142.44,2310.93
14147.00,-35.24,82.23,852.42,-322.32,3142.44,2310.93
14151.00,-35.24,82.23,852.42,-322.32,3142.44,2310.93
14154.00,74.86,-461.14,-248.61,5111.43,3117.58,2822.07
14158.00,74.86,-461.14,-248.61,5111.43,3117.58,2822.07
14161.00,74.86,-461.14,-248.61,5111.43,3117.58,2822.07
14166.00,74.86,-461.14,-248.61,5111.43,3117.58,2822.07
14169.00,74.86,-461.14,-248.61,5111.43,3117.58,2822.07
14172.00,74.86,-461.14,-248.61,5111.43,3117.58,2822.07
14176.00,74.86,-461.14,-248.61,5111.43,3117.58,2822.07
14179.00,74.86,-461.14,-248.61,5111.43,3117.58,2822.07
14182.00,74.86,-461.14,-248.61,5111.43,3117.58,2822.07
14185.00,74.86,-461.14,-248.61,5111.43,3117.58,2822.07
14189.00,74.86,-461.14,-248.61,5111.43,3117.58,2822.07
14192.00,74.86,-461.14,-248.61,5111.43,3117.58,2822.07
14195.00,74.86,-461.14,-248.61,5111.43,3117.58,2822.07
14199.00,74.86,-461.14,-248.61,5111.43,3117.58,2822.07
14202.00,74.86,-461.14,-248.61,5111.43,3117.58,2822.07
14206.00,5.99,-89.83,440.11,1398.33,3161.59,2961.90
14210.00,5.99,-89.83,440.11,1398.33,3161.59,2961.90
14213.00,5.99,-89.83,440.11,1398.33,3161.59,2961.90
14216.00,5.99,-89.83,440.11,1398.33,3161.59,2961.90
14220.00,5.99,-89.83,440.11,1398.33,3161.59,2961.90
14223.00,5.99,-89.83,440.11,1398.33,3161.59,2961.90
14226.00,5.99,-89.83,440.11,1398.33,3161.59,2961.90
14229.00,5.99,-89.83,440.11,1398.33,3161.59,2961.90
14233.00,5.99,-89.83,440.11,1398.33,3161.59,2961.90
14236.00,5.99,-89.83,440.11,1398.33,3161.59,2961.90
14239.00,5.99,-89.83,440.11,1398.33,3161.59,2961.90
14242.00,5.99,-89.83,440.11,1398.33,3161.59,2961.90
14246.00,5.99,-89.83,440.11,1398.33,3161.59,2961.90
14249.00,5.99,-89.83,440.11,1398.33,3161.59,2961.90
14254.00,5.99,-89.83,440.11,1398.33,3161.59,2961.90
14257.00,111.60,440.53,-616.00,-3905.28,3099.99,2571.38
14261.00,111.60,440.53,-616.00,-3905.28,3099.99,2571.38
14264.00,111.60,440.53,-616.00,-3905.28,3099.99,2571.38
14267.00,111.60,440.53,-616.00,-3905.28,3099.99,2571.38
14271.00,111.60,440.53,-616.00,-3905.28,3099.99,2571.38
14274.00,111.60,440.53,-616.00,-3905.28,3099.99,2571.38
14277.00,111.60,440.53,-616.00,-3905.28,3099.99,2571.38
14281.00,111.60,440.53,-616.00,-3905.28,3099.99,2571.38
14284.00,111.60,440.53,-616.00,-3905.28,3099.99,2571.38
14287.00,111.60,440.53,-616.00,-3905.28,3099.99,2571.38
14291.00,111.60,440.53,-616.00,-3905.28,3099.99,2571.38
14295.00,111.60,440.53,-616.00,-3905.28,3099.99,2571.38
14298.00,111.60,440.53,-616.00,-3905.28,3099.99,2571.38
14302.00,111.60,440.53,-616.00,-3905.28,3099.99,2571.38
14305.00,111.60,440.53,-616.00,-3905.28,3099.99,2571.38
14309.00,-23.96,89.83,739.55,-398.33,3173.94,2531.54
14312.00,-23.96,89.83,739.55,-398.33,3173.94,2531.54
14316.00,-23.96,89.83,739.55,-398.33,3173.94,2531.54
14319.00,-23.96,89.83,739.55,-398.33,3173.94,2531.54
14322.00,-23.96,89.83,739.55,-398.33,3173.94,2531.54
14325.00,-23.96,89.83,739.55,-398.33,3173.94,2531.54
14329.00,-23.96,89.83,739.55,-398.33,3173.94,2531.54
14332.00,-23.96,89.83,739.55,-398.33,3173.94,2531.54
14336.00,-23.96,89.83,739.55,-398.33,3173.94,2531.54
14339.00,-23.96,89.83,739.55,-398.33,3173.94,2531.54
14343.00,-23.96,89.83,739.55,-398.33,3173.94,2531.54
14346.00,-23.96,89.83,739.55,-398.33,3173.94,2531.54
14349.00,-23.96,89.83,739.55,-398.33,3173.94,2531.54
14353.00,-23.96,89.83,739.55,-398.33,3173.94,2531.54
14356.00,-23.96,89.83,739.55,-398.33,3173.94,2531.54
14360.00,71.87,-452.16,-218.67,5021.60,3152.08,3033.70
14363.00,71.87,-452.16,-218.67,5021.60,3152.08,3033.70
14367.00,71.87,-452.16,-218.67,5021.60,3152.08,3033.70
14370.00,71.87,-452.16,-218.67,5021.60,3152.08,3033.70
14373.00,71.87,-452.16,-218.67,5021.60,3152.08,3033.70
14377.00,71.87,-452.16,-218.67,5021.60,3152.08,3033.70
14381.00,71.87,-452.16,-218.67,5021.60,3152.08,3033.70
14384.00,71.87,-452.16,-218.67,5021.60,3152.08,3033.70
14387.00,71.87,-452.16,-218.67,5021.60,3152.08,3033.70
14391.00,71.87,-452.16,-218.67,5021.60,3152.08,3033.70
14394.00,71.87,-452.16,-218.67,5021.60,3152.08,3033.70
14397.00,71.87,-452.16,-218.67,5021.60,3152.08,3033.70
14401.00,71.87,-452.16,-218.67,5021.60,3152.08,3033.70
14404.00,71.87,-452.16,-218.67,5021.60,3152.08,3033.70
14407.00,71.87,-452.16,-218.67,5021.60,3152.08,3033.70
14411.00,26.95,-83.84,230.50,1338.44,3175.13,3167.55
14414.00,26.95,-83.84,230.50,1338.44,3175.13,3167.55
14417.00,26.95,-83.84,230.50,1338.44,3175.13,3167.55
14422.00,26.95,-83.84,230.50,1338.44,3175.13,3167.55
14425.00,26.95,-83.84,230.50,1338.44,3175.13,3167.55
14428.00,26.95,-83.84,230.50,1338.44,3175.13,3167.55
14431.00,26.95,-83.84,230.50,1338.44,3175.13,3167.55
14435.00,26.95,-83.84,230.50,1338.44,3175.13,3167.55
14438.00,26.95,-83.84,230.50,1338.44,3175.13,3167.55
14441.00,26.95,-83.84,230.50,1338.44,3175.13,3167.55
14445.00,26.95,-83.84,230.50,1338.44,3175.13,3167.55
14448.00,26.95,-83.84,230.50,1338.44,3175.13,3167.55
14451.00,26.95,-83.84,230.50,1338.44,3175.13,3167.55
14455.00,26.95,-83.84,230.50,1338.44,3175.13,3167.55
14458.00,26.95,-83.84,230.50,1338.44,3175.13,3167.55
14462.00,80.85,461.14,-308.50,-4111.43,3144.28,2756.40
14466.00,80.85,461.14,-308.50,-4111.43,3144.28,2756.40
14470.00,80.85,461.14,-308.50,-4111.43,3144.28,2756.40
14473.00,80.85,461.14,-308.50,-4111.43,3144.28,2756.40
14476.00,80.85,461.14,-308.50,-4111.43,3144.28,2756.40
14480.00,80.85,461.14,-308.50,-4111.43,3144.28,2756.40
14483.00,80.85,461.14,-308.50,-4111.43,3144.28,2756.40
14486.00,80.85,461.14,-308.50,-4111.43,3144.28,2756.40
14489.00,80.85,461.14,-308.50,-4111.43,3144.28,2756.40
14493.00,80.85,461.14,-308.50,-4111.43,3144.28,2756.40
14496.00,80.85,461.14,-308.50,-4111.43,3144.28,2756.40
14499.00,80.85,461.14,-308.50,-4111.43,3144.28,2756.40
14503.00,80.85,461.14,-308.50,-4111.43,3144.28,2756.40
14507.00,80.85,461.14,-308.50,-4111.43,3144.28,2756.40
14510.00,80.85,461.14,-308.50,-4111.43,3144.28,2756.40
14514.00,-77.80,89.32,1277.99,-393.25,3272.08,2717.08
14517.00,-77.80,89.32,1277.99,-393.25,3272.08,2717.08
14521.00,-77.80,89.32,1277.99,-393.25,3272.08,2717.08
14524.00,-77.80,89.32,1277.99,-393.25,3272.08,2717.08
14527.00,-77.80,89.32,1277.99,-393.25,3272.08,2717.08
14531.00,-77.80,89.32,1277.99,-393.25,3272.08,2717.08
14534.00,-77.80,89.32,1277.99,-393.25,3272.08,2717.08
14537.00,-77.80,89.32,1277.99,-393.25,3272.08,2717.08
14540.00,-77.80,89.32,1277.99,-393.25,3272.08,2717.08
14544.00,-77.80,89.32,1277.99,-393.25,3272.08,2717.08
14547.00,-77.80,89.32,1277.99,-393.25,3272.08,2717.08
14551.00,-77.80,89.32,1277.99,-393.25,3272.08,2717.08
14555.00,-77.80,89.32,1277.99,-393.25,3272.08,2717.08
14558.00,-77.80,89.32,1277.99,-393.25,3272.08,2717.08
14562.00,-77.80,89.32,1277.99,-393.25,3272.08,2717.08
14565.00,53.90,-458.15,-39.00,5081.49,3268.18,3225.23
14569.00,53.90,-458.15,-39.00,5081.49,3268.18,3225.23
14572.00,53.90,-458.15,-39.00,5081.49,3268.18,3225.23
14575.00,53.90,-458.15,-39.00,5081.49,3268.18,3225.23
14579.00,53.90,-458.15,-39.00,5081.49,3268.18,3225.23
14582.00,53.90,-458.15,-39.00,5081.49,3268.18,3225.23
14585.00,53.90,-458.15,-39.00,5081.49,3268.18,3225.23
14589.00,53.90,-458.15,-39.00,5081.49,3268.18,3225.23
14593.00,53.90,-458.15,-39.00,5081.49,3268.18,3225.23
14596.00,53.90,-458.15,-39.00,5081.49,3268.18,3225.23
14599.00,53.90,-458.15,-39.00,5081.49,3268.18,3225.23
14603.00,53.90,-458.15,-39.00,5081.49,3268.18,3225.23
14606.00,53.90,-458.15,-39.00,5081.49,3268.18,3225.23
14609.00,53.90,-458.15,-39.00,5081.49,3268.18,3225.23
14612.00,53.90,-458.15,-39.00,5081.49,3268.18,3225.23
14616.00,195.48,-91.63,-1454.77,1416.30,3122.70,3366.86
14619.00,195.48,-91.63,-1454.77,1416.30,3122.70,3366.86
14622.00,195.48,-91.63,-1454.77,1416.30,3122.70,3366.86
14626.00,195.48,-91.63,-1454.77,1416.30,3122.70,3366.86
14629.00,195.48,-91.63,-1454.77,1416.30,3122.70,3366.86
14633.00,195.48,-91.63,-1454.77,1416.30,3122.70,3366.86
14637.00,195.48,-91.63,-1454.77,1416.30,3122.70,3366.86
14640.00,195.48,-91.63,-1454.77,1416.30,3122.70,3366.86
14644.00,195.48,-91.63,-1454.77,1416.30,3122.70,3366.86
14647.00,195.48,-91.63,-1454.77,1416.30,3122.70,3366.86
14651.00,195.48,-91.63,-1454.77,1416.30,3122.70,3366.86
14654.00,195.48,-91.63,-1454.77,1416.30,3122.70,3366.86
14658.00,195.48,-91.63,-1454.77,1416.30,3122.70,3366.86
14661.00,195.48,-91.63,-1454.77,1416.30,3122.70,3366.86
14665.00,-235.18,442.88,2851.83,-3928.77,3407.88,2973.98
14669.00,-235.18,442.88,2851.83,-3928.77,3407.88,2973.98
14672.00,-235.18,442.88,2851.83,-3928.77,3407.88,2973.98
14676.00,-235.18,442.88,2851.83,-3928.77,3407.88,2973.98
14680.00,-235.18,442.88,2851.83,-3928.77,3407.88,2973.98
14683.00,-235.18,442.88,2851.83,-3928.77,3407.88,2973.98
14687.00,-235.18,442.88,2851.83,-3928.77,3407.88,2973.98
14690.00,-235.18,442.88,2851.83,-3928.77,3407.88,2973.98
14693.00,-235.18,442.88,2851.83,-3928.77,3407.88,2973.98
14697.00,-235.18,442.88,2851.83,-3928.77,3407.88,2973.98
14700.00,-235.18,442.88,2851.83,-3928.77,3407.88,2973.98
14704.00,-235.18,442.88,2851.83,-3928.77,3407.88,2973.98
14707.00,-235.18,442.88,2851.83,-3928.77,3407.88,2973.98
14710.00,-235.18,442.88,2851.83,-3928.77,3407.88,2973.98
14714.00,-235.18,442.88,2851.83,-3928.77,3407.88,2973.98
14718.00,-5.87,79.30,558.74,-292.95,3463.76,2944.69
14722.00,-5.87,79.30,558.74,-292.95,3463.76,2944.69
14725.00,-5.87,79.30,558.74,-292.95,3463.76,2944.69
14729.00,-5.87,79.30,558.74,-292.95,3463.76,2944.69
14732.00,-5.87,79.30,558.74,-292.95,3463.76,2944.69
14735.00,-5.87,79.30,558.74,-292.95,3463.76,2944.69
14739.00,-5.87,79.30,558.74,-292.95,3463.76,2944.69
14742.00,-5.87,79.30,558.74,-292.95,3463.76,2944.69
14745.00,-5.87,79.30,558.74,-292.95,3463.76,2944.69
14749.00,-5.87,79.30,558.74,-292.95,3463.76,2944.69
14752.00,-5.87,79.30,558.74,-292.95,3463.76,2944.69
14755.00,-5.87,79.30,558.74,-292.95,3463.76,2944.69
14759.00,-5.87,79.30,558.74,-292.95,3463.76,2944.69
14763.00,-5.87,79.30,558.74,-292.95,3463.76,2944.69
14767.00,461.20,-445.93,-4112.03,4959.32,3052.55,3440.62
14771.00,461.20,-445.93,-4112.03,4959.32,3052.55,3440.62
14774.00,461.20,-445.93,-4112.03,4959.32,3052.55,3440.62
14778.00,461.20,-445.93,-4112.03,4959.32,3052.55,3440.62
14781.00,461.20,-445.93,-4112.03,4959.32,3052.55,3440.62
14785.00,461.20,-445.93,-4112.03,4959.32,3052.55,3440.62
14788.00,461.20,-445.93,-4112.03,4959.32,3052.55,3440.62
14791.00,461.20,-445.93,-4112.03,4959.32,3052.55,3440.62
14795.00,461.20,-445.93,-4112.03,4959.32,3052.55,3440.62
14798.00,461.20,-445.93,-4112.03,4959.32,3052.55,3440.62
14801.00,461.20,-445.93,-4112.03,4959.32,3052.55,3440.62
14806.00,461.20,-445.93,-4112.03,4959.32,3052.55,3440.62
14809.00,461.20,-445.93,-4112.03,4959.32,3052.55,3440.62
14813.00,461.20,-445.93,-4112.03,4959.32,3052.55,3440.62
14816.00,461.20,-445.93,-4112.03,4959.32,3052.55,3440.62
14820.00,93.98,-85.17,-439.79,1351.69,3008.57,3575.79
14823.00,93.98,-85.17,-439.79,1351.69,3008.57,3575.79
14826.00,93.98,-85.17,-439.79,1351.69,3008.57,3575.79
14830.00,93.98,-85.17,-439.79,1351.69,3008.57,3575.79
14833.00,93.98,-85.17,-439.79,1351.69,3008.57,3575.79
14837.00,93.98,-85.17,-439.79,1351.69,3008.57,3575.79
14840.00,93.98,-85.17,-439.79,1351.69,3008.57,3575.79
14843.00,93.98,-85.17,-439.79,1351.69,3008.57,3575.79
14848.00,93.98,-85.17,-439.79,1351.69,3008.57,3575.79
14851.00,93.98,-85.17,-439.79,1351.69,3008.57,3575.79
14855.00,93.98,-85.17,-439.79,1351.69,3008.57,3575.79
14858.00,93.98,-85.17,-439.79,1351.69,3008.57,3575.79
14862.00,93.98,-85.17,-439.79,1351.69,3008.57,3575.79
14865.00,93.98,-85.17,-439.79,1351.69,3008.57,3575.79
14869.00,-436.77,452.04,4867.69,-4020.40,3495.34,3173.75
14873.00,-436.77,452.04,4867.69,-4020.40,3495.34,3173.75
14876.00,-436.77,452.04,4867.69,-4020.40,3495.34,3173.75
14880.00,-436.77,452.04,4867.69,-4020.40,3495.34,3173.75
14883.00,-436.77,452.04,4867.69,-4020.40,3495.34,3173.75
14887.00,-436.77,452.04,4867.69,-4020.40,3495.34,3173.75
14891.00,-436.77,452.04,4867.69,-4020.40,3495.34,3173.75
14894.00,-436.77,452.04,4867.69,-4020.40,3495.34,3173.75
14898.00,-436.77,452.04,4867.69,-4020.40,3495.34,3173.75
14901.00,-436.77,452.04,4867.69,-4020.40,3495.34,3173.75
14904.00,-436.77,452.04,4867.69,-4020.40,3495.34,3173.75
14908.00,-436.77,452.04,4867.69,-4020.40,3495.34,3173.75
14911.00,-436.77,452.04,4867.69,-4020.40,3495.34,3173.75
14914.00,-436.77,452.04,4867.69,-4020.40,3495.34,3173.75
14918.00,-436.77,452.04,4867.69,-4020.40,3495.34,3173.75
14922.00,-82.23,82.23,1322.32,-322.32,3627.57,3141.51
14925.00,-82.23,82.23,1322.32,-322.32,3627.57,3141.51
14928.00,-82.23,82.23,1322.32,-322.32,3627.57,3141.51
14932.00,-82.23,82.23,1322.32,-322.32,3627.57,3141.51
14936.00,-82.23,82.23,1322.32,-322.32,3627.57,3141.51
14940.00,-82.23,82.23,1322.32,-322.32,3627.57,3141.51
14943.00,-82.23,82.23,1322.32,-322.32,3627.57,3141.51
14946.00,-82.23,82.23,1322.32,-322.32,3627.57,3141.51
14950.00,-82.23,82.23,1322.32,-322.32,3627.57,3141.51
14953.00,-82.23,82.23,1322.32,-322.32,3627.57,3141.51
14957.00,-82.23,82.23,1322.32,-322.32,3627.57,3141.51
14960.00,-82.23,82.23,1322.32,-322.32,3627.57,3141.51
14964.00,-82.23,82.23,1322.32,-322.32,3627.57,3141.51
14967.00,-82.23,82.23,1322.32,-322.32,3627.57,3141.51
14971.00,452.04,-458.15,-4020.40,5081.49,3225.53,3649.66
14976.00,452.04,-458.15,-4020.40,5081.49,3225.53,3649.66
14979.00,452.04,-458.15,-4020.40,5081.49,3225.53,3649.66
14983.00,452.04,-458.15,-4020.40,5081.49,3225.53,3649.66
14986.00,452.04,-458.15,-4020.40,5081.49,3225.53,3649.66
14990.00,452.04,-458.15,-4020.40,5081.49,3225.53,3649.66
14993.00,452.04,-458.15,-4020.40,5081.49,3225.53,3649.66
14996.00,452.04,-458.15,-4020.40,5081.49,3225.53,3649.66
15000.00,452.04,-458.15,-4020.40,5081.49,3225.53,3649.66
15003.00,452.04,-458.15,-4020.40,5081.49,3225.53,3649.66
15006.00,452.04,-458.15,-4020.40,5081.49,3225.53,3649.66
15010.00,452.04,-458.15,-4020.40,5081.49,3225.53,3649.66
15013.00,452.04,-458.15,-4020.40,5081.49,3225.53,3649.66
15017.00,452.04,-458.15,-4020.40,5081.49,3225.53,3649.66
15021.00,113.01,-119.12,-630.10,1691.19,3162.52,3818.78
15025.00,113.01,-119.12,-630.10,1691.19,3162.52,3818.78
15028.00,113.01,-119.12,-630.10,1691.19,3162.52,3818.78
15032.00,113.01,-119.12,-630.10,1691.19,3162.52,3818.78
15035.00,113.01,-119.12,-630.10,1691.19,3162.52,3818.78
15038.00,113.01,-119.12,-630.10,1691.19,3162.52,3818.78
15042.00,113.01,-119.12,-630.10,1691.19,3162.52,3818.78
15045.00,113.01,-119.12,-630.10,1691.19,3162.52,3818.78
15049.00,113.01,-119.12,-630.10,1691.19,3162.52,3818.78
15052.00,113.01,-119.12,-630.10,1691.19,3162.52,3818.78
15056.00,113.01,-119.12,-630.10,1691.19,3162.52,3818.78
15060.00,113.01,-119.12,-630.10,1691.19,3162.52,3818.78
15064.00,113.01,-119.12,-630.10,1691.19,3162.52,3818.78
15068.00,113.01,-119.12,-630.10,1691.19,3162.52,3818.78
15072.00,-430.66,439.82,4806.60,-3898.23,3643.18,3428.96
15075.00,-430.66,439.82,4806.60,-3898.23,3643.18,3428.96
15079.00,-430.66,439.82,4806.60,-3898.23,3643.18,3428.96
15082.00,-430.66,439.82,4806.60,-3898.23,3643.18,3428.96
15086.00,-430.66,439.82,4806.60,-3898.23,3643.18,3428.96
15089.00,-430.66,439.82,4806.60,-3898.23,3643.18,3428.96
15092.00,-430.66,439.82,4806.60,-3898.23,3643.18,3428.96
15096.00,-430.66,439.82,4806.60,-3898.23,3643.18,3428.96
15099.00,-430.66,439.82,4806.60,-3898.23,3643.18,3428.96
15102.00,-430.66,439.82,4806.60,-3898.23,3643.18,3428.96
15107.00,-430.66,439.82,4806.60,-3898.23,3643.18,3428.96
15110.00,-430.66,439.82,4806.60,-3898.23,3643.18,3428.96
15114.00,-430.66,439.82,4806.60,-3898.23,3643.18,3428.96
15117.00,-430.66,439.82,4806.60,-3898.23,3643.18,3428.96
15120.00,-430.66,439.82,4806.60,-3898.23,3643.18,3428.96
15124.00,-69.15,77.80,1191.55,-277.99,3762.34,3401.16
15128.00,-69.15,77.80,1191.55,-277.99,3762.34,3401.16
15131.00,-69.15,77.80,1191.55,-277.99,3762.34,3401.16
15134.00,-69.15,77.80,1191.55,-277.99,3762.34,3401.16
15138.00,-69.15,77.80,1191.55,-277.99,3762.34,3401.16
15141.00,-69.15,77.80,1191.55,-277.99,3762.34,3401.16
15145.00,-69.15,77.80,1191.55,-277.99,3762.34,3401.16
15149.00,-69.15,77.80,1191.55,-277.99,3762.34,3401.16
15152.00,-69.15,77.80,1191.55,-277.99,3762.34,3401.16
15156.00,-69.15,77.80,1191.55,-277.99,3762.34,3401.16
15159.00,-69.15,77.80,1191.55,-277.99,3762.34,3401.16
15163.00,-69.15,77.80,1191.55,-277.99,3762.34,3401.16
15166.00,-69.15,77.80,1191.55,-277.99,3762.34,3401.16
15170.00,-69.15,77.80,1191.55,-277.99,3762.34,3401.16
15173.00,-69.15,77.80,1191.55,-277.99,3762.34,3401.16
15177.00,472.56,-449.50,-4225.56,4995.05,3339.78,3900.66
15181.00,472.56,-449.50,-4225.56,4995.05,3339.78,3900.66
15184.00,472.56,-449.50,-4225.56,4995.05,3339.78,3900.66
15188.00,472.56,-449.50,-4225.56,4995.05,3339.78,3900.66
15192.00,472.56,-449.50,-4225.56,4995.05,3339.78,3900.66
15196.00,472.56,-449.50,-4225.56,4995.05,3339.78,3900.66
15199.00,472.56,-449.50,-4225.56,4995.05,3339.78,3900.66
15202.00,472.56,-449.50,-4225.56,4995.05,3339.78,3900.66
15206.00,472.56,-449.50,-4225.56,4995.05,3339.78,3900.66
15209.00,472.56,-449.50,-4225.56,4995.05,3339.78,3900.66
15212.00,472.56,-449.50,-4225.56,4995.05,3339.78,3900.66
15216.00,472.56,-449.50,-4225.56,4995.05,3339.78,3900.66
15219.00,472.56,-449.50,-4225.56,4995.05,3339.78,3900.66
15223.00,472.56,-449.50,-4225.56,4995.05,3339.78,3900.66
15226.00,472.56,-449.50,-4225.56,4995.05,3339.78,3900.66
15230.00,96.92,-73.42,-469.16,1234.21,3292.87,4024.09
15234.00,96.92,-73.42,-469.16,1234.21,3292.87,4024.09
15237.00,96.92,-73.42,-469.16,1234.21,3292.87,4024.09
15241.00,96.92,-73.42,-469.16,1234.21,3292.87,4024.09
15244.00,96.92,-73.42,-469.16,1234.21,3292.87,4024.09
15248.00,96.92,-73.42,-469.16,1234.21,3292.87,4024.09
15251.00,96.92,-73.42,-469.16,1234.21,3292.87,4024.09
15255.00,96.92,-73.42,-469.16,1234.21,3292.87,4024.09
15258.00,96.92,-73.42,-469.16,1234.21,3292.87,4024.09
15261.00,96.92,-73.42,-469.16,1234.21,3292.87,4024.09
15265.00,96.92,-73.42,-469.16,1234.21,3292.87,4024.09
15268.00,96.92,-73.42,-469.16,1234.21,3292.87,4024.09
15272.00,96.92,-73.42,-469.16,1234.21,3292.87,4024.09
15276.00,96.92,-73.42,-469.16,1234.21,3292.87,4024.09
15280.00,-428.20,446.17,4782.05,-3961.71,3771.07,3627.91
15284.00,-428.20,446.17,4782.05,-3961.71,3771.07,3627.91
15287.00,-428.20,446.17,4782.05,-3961.71,3771.07,3627.91
15291.00,-428.20,446.17,4782.05,-3961.71,3771.07,3627.91
15294.00,-428.20,446.17,4782.05,-3961.71,3771.07,3627.91
15298.00,-428.20,446.17,4782.05,-3961.71,3771.07,3627.91
15301.00,-428.20,446.17,4782.05,-3961.71,3771.07,3627.91
15304.00,-428.20,446.17,4782.05,-3961.71,3771.07,3627.91
15308.00,-428.20,446.17,4782.05,-3961.71,3771.07,3627.91
15311.00,-428.20,446.17,4782.05,-3961.71,3771.07,3627.91
15314.00,-428.20,446.17,4782.05,-3961.71,3771.07,3627.91
15319.00,-428.20,446.17,4782.05,-3961.71,3771.07,3627.91
15322.00,-428.20,446.17,4782.05,-3961.71,3771.07,3627.91
15326.00,-428.20,446.17,4782.05,-3961.71,3771.07,3627.91
15329.00,-428.20,446.17,4782.05,-3961.71,3771.07,3627.91
15333.00,-82.23,82.23,1322.32,-322.32,3903.30,3595.68
15336.00,-82.23,82.23,1322.32,-322.32,3903.30,3595.68
15339.00,-82.23,82.23,1322.32,-322.32,3903.30,3595.68
15343.00,-82.23,82.23,1322.32,-322.32,3903.30,3595.68
15346.00,-82.23,82.23,1322.32,-322.32,3903.30,3595.68
15350.00,-82.23,82.23,1322.32,-322.32,3903.30,3595.68
15353.00,-82.23,82.23,1322.32,-322.32,3903.30,3595.68
15357.00,-82.23,82.23,1322.32,-322.32,3903.30,3595.68
15361.00,-82.23,82.23,1322.32,-322.32,3903.30,3595.68
15364.00,-82.23,82.23,1322.32,-322.32,3903.30,3595.68
15368.00,-82.23,82.23,1322.32,-322.32,3903.30,3595.68
15371.00,-82.23,82.23,1322.32,-322.32,3903.30,3595.68
15375.00,-82.23,82.23,1322.32,-322.32,3903.30,3595.68
15378.00,-82.23,82.23,1322.32,-322.32,3903.30,3595.68
15382.00,448.99,-461.20,-3989.86,5112.03,3504.32,4106.89
15386.00,448.99,-461.20,-3989.86,5112.03,3504.32,4106.89
15389.00,448.99,-461.20,-3989.86,5112.03,3504.32,4106.89
15393.00,448.99,-461.20,-3989.86,5112.03,3504.32,4106.89
15396.00,448.99,-461.20,-3989.86,5112.03,3504.32,4106.89
15400.00,448.99,-461.20,-3989.86,5112.03,3504.32,4106.89
15404.00,448.99,-461.20,-3989.86,5112.03,3504.32,4106.89
15407.00,448.99,-461.20,-3989.86,5112.03,3504.32,4106.89
15411.00,448.99,-461.20,-3989.86,5112.03,3504.32,4106.89
15414.00,448.99,-461.20,-3989.86,5112.03,3504.32,4106.89
15417.00,448.99,-461.20,-3989.86,5112.03,3504.32,4106.89
15421.00,448.99,-461.20,-3989.86,5112.03,3504.32,4106.89
15424.00,448.99,-461.20,-3989.86,5112.03,3504.32,4106.89
15428.00,448.99,-461.20,-3989.86,5112.03,3504.32,4106.89
15431.00,448.99,-461.20,-3989.86,5112.03,3504.32,4106.89
15435.00,96.92,-93.98,-469.16,1439.79,3457.40,4250.87
15438.00,96.92,-93.98,-469.16,1439.79,3457.40,4250.87
15442.00,96.92,-93.98,-469.16,1439.79,3457.40,4250.87
15446.00,96.92,-93.98,-469.16,1439.79,3457.40,4250.87
15449.00,96.92,-93.98,-469.16,1439.79,3457.40,4250.87
15453.00,96.92,-93.98,-469.16,1439.79,3457.40,4250.87
15456.00,96.92,-93.98,-469.16,1439.79,3457.40,4250.87
15460.00,96.92,-93.98,-469.16,1439.79,3457.40,4250.87
15463.00,96.92,-93.98,-469.16,1439.79,3457.40,4250.87
15466.00,96.92,-93.98,-469.16,1439.79,3457.40,4250.87
15470.00,96.92,-93.98,-469.16,1439.79,3457.40,4250.87
15473.00,96.92,-93.98,-469.16,1439.79,3457.40,4250.87
15477.00,96.92,-93.98,-469.16,1439.79,3457.40,4250.87
15480.00,96.92,-93.98,-469.16,1439.79,3457.40,4250.87
15484.00,-430.66,445.93,4806.60,-3959.32,3938.06,3854.93
15489.00,-430.66,445.93,4806.60,-3959.32,3938.06,3854.93
15492.00,-430.66,445.93,4806.60,-3959.32,3938.06,3854.93
15496.00,-430.66,445.93,4806.60,-3959.32,3938.06,3854.93
15499.00,-430.66,445.93,4806.60,-3959.32,3938.06,3854.93
15503.00,-430.66,445.93,4806.60,-3959.32,3938.06,3854.93
15506.00,-430.66,445.93,4806.60,-3959.32,3938.06,3854.93
15509.00,-430.66,445.93,4806.60,-3959.32,3938.06,3854.93
15513.00,-430.66,445.93,4806.60,-3959.32,3938.06,3854.93
15516.00,-430.66,445.93,4806.60,-3959.32,3938.06,3854.93
15519.00,-430.66,445.93,4806.60,-3959.32,3938.06,3854.93
15523.00,-430.66,445.93,4806.60,-3959.32,3938.06,3854.93
15526.00,-430.66,445.93,4806.60,-3959.32,3938.06,3854.93
15529.00,-430.66,445.93,4806.60,-3959.32,3938.06,3854.93
15534.00,-100.79,106.90,1507.93,-569.01,4088.85,3798.03
15538.00,-100.79,106.90,1507.93,-569.01,4088.85,3798.03
15541.00,-100.79,106.90,1507.93,-569.01,4088.85,3798.03
15544.00,-100.79,106.90,1507.93,-569.01,4088.85,3798.03
15548.00,-100.79,106.90,1507.93,-569.01,4088.85,3798.03
15551.00,-100.79,106.90,1507.93,-569.01,4088.85,3798.03
15555.00,-100.79,106.90,1507.93,-569.01,4088.85,3798.03
15558.00,-100.79,106.90,1507.93,-569.01,4088.85,3798.03
15562.00,-100.79,106.90,1507.93,-569.01,4088.85,3798.03
15565.00,-100.79,106.90,1507.93,-569.01,4088.85,3798.03
15569.00,-100.79,106.90,1507.93,-569.01,4088.85,3798.03
15572.00,-100.79,106.90,1507.93,-569.01,4088.85,3798.03
15577.00,-100.79,106.90,1507.93,-569.01,4088.85,3798.03
15580.00,-100.79,106.90,1507.93,-569.01,4088.85,3798.03
15584.00,436.77,-445.93,-3867.69,4959.32,3702.08,4293.96
15588.00,436.77,-445.93,-3867.69,4959.32,3702.08,4293.96
15591.00,436.77,-445.93,-3867.69,4959.32,3702.08,4293.96
15595.00,436.77,-445.93,-3867.69,4959.32,3702.08,4293.96
15598.00,436.77,-445.93,-3867.69,4959.32,3702.08,4293.96
15602.00,436.77,-445.93,-3867.69,4959.32,3702.08,4293.96
15605.00,436.77,-445.93,-3867.69,4959.32,3702.08,4293.96
15609.00,436.77,-445.93,-3867.69,4959.32,3702.08,4293.96
15612.00,436.77,-445.93,-3867.69,4959.32,3702.08,4293.96
15616.00,436.77,-445.93,-3867.69,4959.32,3702.08,4293.96
15620.00,436.77,-445.93,-3867.69,4959.32,3702.08,4293.96
15623.00,436.77,-445.93,-3867.69,4959.32,3702.08,4293.96
15626.00,436.77,-445.93,-3867.69,4959.32,3702.08,4293.96
15630.00,436.77,-445.93,-3867.69,4959.32,3702.08,4293.96
15633.00,436.77,-445.93,-3867.69,4959.32,3702.08,4293.96
15637.00,86.44,-92.21,-364.43,1422.06,3665.64,4436.17
15640.00,86.44,-92.21,-364.43,1422.06,3665.64,4436.17
15644.00,86.44,-92.21,-364.43,1422.06,3665.64,4436.17
15647.00,86.44,-92.21,-364.43,1422.06,3665.64,4436.17
15650.00,86.44,-92.21,-364.43,1422.06,3665.64,4436.17
15654.00,86.44,-92.21,-364.43,1422.06,3665.64,4436.17
15657.00,86.44,-92.21,-364.43,1422.06,3665.64,4436.17
15662.00,86.44,-92.21,-364.43,1422.06,3665.64,4436.17
15665.00,86.44,-92.21,-364.43,1422.06,3665.64,4436.17
15669.00,86.44,-92.21,-364.43,1422.06,3665.64,4436.17
15672.00,86.44,-92.21,-364.43,1422.06,3665.64,4436.17
15675.00,86.44,-92.21,-364.43,1422.06,3665.64,4436.17
15679.00,86.44,-92.21,-364.43,1422.06,3665.64,4436.17
15682.00,86.44,-92.21,-364.43,1422.06,3665.64,4436.17
15686.00,86.44,-92.21,-364.43,1422.06,3665.64,4436.17
15690.00,-458.15,464.02,5081.49,-4140.23,4173.79,4022.15
15693.00,-458.15,464.02,5081.49,-4140.23,4173.79,4022.15
15697.00,-458.15,464.02,5081.49,-4140.23,4173.79,4022.15
15700.00,-458.15,464.02,5081.49,-4140.23,4173.79,4022.15
15705.00,-458.15,464.02,5081.49,-4140.23,4173.79,4022.15
15708.00,-458.15,464.02,5081.49,-4140.23,4173.79,4022.15
15712.00,-458.15,464.02,5081.49,-4140.23,4173.79,4022.15
15715.00,-458.15,464.02,5081.49,-4140.23,4173.79,4022.15
15718.00,-458.15,464.02,5081.49,-4140.23,4173.79,4022.15
15722.00,-458.15,464.02,5081.49,-4140.23,4173.79,4022.15
15725.00,-458.15,464.02,5081.49,-4140.23,4173.79,4022.15
15728.00,-458.15,464.02,5081.49,-4140.23,4173.79,4022.15
15732.00,-458.15,464.02,5081.49,-4140.23,4173.79,4022.15
15735.00,-458.15,464.02,5081.49,-4140.23,4173.79,4022.15
15739.00,-113.01,113.01,1630.10,-630.10,4336.80,3959.14
15742.00,-113.01,113.01,1630.10,-630.10,4336.80,3959.14
15747.00,-113.01,113.01,1630.10,-630.10,4336.80,3959.14
15750.00,-113.01,113.01,1630.10,-630.10,4336.80,3959.14
15754.00,-113.01,113.01,1630.10,-630.10,4336.80,3959.14
15757.00,-113.01,113.01,1630.10,-630.10,4336.80,3959.14
15761.00,-113.01,113.01,1630.10,-630.10,4336.80,3959.14
15764.00,-113.01,113.01,1630.10,-630.10,4336.80,3959.14
15768.00,-113.01,113.01,1630.10,-630.10,4336.80,3959.14
15771.00,-113.01,113.01,1630.10,-630.10,4336.80,3959.14
15775.00,-113.01,113.01,1630.10,-630.10,4336.80,3959.14
15778.00,-113.01,113.01,1630.10,-630.10,4336.80,3959.14
15782.00,-113.01,113.01,1630.10,-630.10,4336.80,3959.14
15785.00,-113.01,113.01,1630.10,-630.10,4336.80,3959.14
15790.00,419.22,-437.19,-3692.21,4871.88,3967.58,4446.33
15794.00,419.22,-437.19,-3692.21,4871.88,3967.58,4446.33
15797.00,419.22,-437.19,-3692.21,4871.88,3967.58,4446.33
15801.00,419.22,-437.19,-3692.21,4871.88,3967.58,4446.33
15804.00,419.22,-437.19,-3692.21,4871.88,3967.58,4446.33
15808.00,419.22,-437.19,-3692.21,4871.88,3967.58,4446.33
15811.00,419.22,-437.19,-3692.21,4871.88,3967.58,4446.33
15814.00,419.22,-437.19,-3692.21,4871.88,3967.58,4446.33
15818.00,419.22,-437.19,-3692.21,4871.88,3967.58,4446.33
15821.00,419.22,-437.19,-3692.21,4871.88,3967.58,4446.33
15825.00,419.22,-437.19,-3692.21,4871.88,3967.58,4446.33
15828.00,419.22,-437.19,-3692.21,4871.88,3967.58,4446.33
15832.00,419.22,-437.19,-3692.21,4871.88,3967.58,4446.33
15836.00,419.22,-437.19,-3692.21,4871.88,3967.58,4446.33
15839.00,419.22,-437.19,-3692.21,4871.88,3967.58,4446.33
15843.00,80.68,-86.44,-306.80,1364.43,3936.90,4582.77
15846.00,80.68,-86.44,-306.80,1364.43,3936.90,4582.77
15850.00,80.68,-86.44,-306.80,1364.43,3936.90,4582.77
15853.00,80.68,-86.44,-306.80,1364.43,3936.90,4582.77
15856.00,80.68,-86.44,-306.80,1364.43,3936.90,4582.77
15860.00,80.68,-86.44,-306.80,1364.43,3936.90,4582.77
15863.00,80.68,-86.44,-306.80,1364.43,3936.90,4582.77
15867.00,80.68,-86.44,-306.80,1364.43,3936.90,4582.77
15870.00,80.68,-86.44,-306.80,1364.43,3936.90,4582.77
15874.00,80.68,-86.44,-306.80,1364.43,3936.90,4582.77
15878.00,80.68,-86.44,-306.80,1364.43,3936.90,4582.77
15881.00,80.68,-86.44,-306.80,1364.43,3936.90,4582.77
15885.00,80.68,-86.44,-306.80,1364.43,3936.90,4582.77
15888.00,80.68,-86.44,-306.80,1364.43,3936.90,4582.77
15892.00,-445.68,455.03,4956.82,-4050.32,4432.58,4177.74
15896.00,-445.68,455.03,4956.82,-4050.32,4432.58,4177.74
15899.00,-445.68,455.03,4956.82,-4050.32,4432.58,4177.74
15903.00,-445.68,455.03,4956.82,-4050.32,4432.58,4177.74
15906.00,-445.68,455.03,4956.82,-4050.32,4432.58,4177.74
15910.00,-445.68,455.03,4956.82,-4050.32,4432.58,4177.74
15913.00,-445.68,455.03,4956.82,-4050.32,4432.58,4177.74
15917.00,-445.68,455.03,4956.82,-4050.32,4432.58,4177.74
15921.00,-445.68,455.03,4956.82,-4050.32,4432.58,4177.74
15924.00,-445.68,455.03,4956.82,-4050.32,4432.58,4177.74
15927.00,-445.68,455.03,4956.82,-4050.32,4432.58,4177.74
15931.00,-445.68,455.03,4956.82,-4050.32,4432.58,4177.74
15934.00,-445.68,455.03,4956.82,-4050.32,4432.58,4177.74
15938.00,-445.68,455.03,4956.82,-4050.32,4432.58,4177.74
15941.00,-445.68,455.03,4956.82,-4050.32,4432.58,4177.74
15945.00,-76.36,88.11,1263.58,-381.06,4558.94,4139.63
15948.00,-76.36,88.11,1263.58,-381.06,4558.94,4139.63
15951.00,-76.36,88.11,1263.58,-381.06,4558.94,4139.63
15955.00,-76.36,88.11,1263.58,-381.06,4558.94,4139.63
15959.00,-76.36,88.11,1263.58,-381.06,4558.94,4139.63
15963.00,-76.36,88.11,1263.58,-381.06,4558.94,4139.63
15966.00,-76.36,88.11,1263.58,-381.06,4558.94,4139.63
15970.00,-76.36,88.11,1263.58,-381.06,4558.94,4139.63
15973.00,-76.36,88.11,1263.58,-381.06,4558.94,4139.63
15976.00,-76.36,88.11,1263.58,-381.06,4558.94,4139.63
15980.00,-76.36,88.11,1263.58,-381.06,4558.94,4139.63
15983.00,-76.36,88.11,1263.58,-381.06,4558.94,4139.63
15987.00,-76.36,88.11,1263.58,-381.06,4558.94,4139.63
15990.00,-76.36,88.11,1263.58,-381.06,4558.94,4139.63
15994.00,452.04,-455.09,-4020.40,5050.95,4156.90,4644.73
15998.00,452.04,-455.09,-4020.40,5050.95,4156.90,4644.73
16002.00,452.04,-455.09,-4020.40,5050.95,4156.90,4644.73
16006.00,452.04,-455.09,-4020.40,5050.95,4156.90,4644.73
16009.00,452.04,-455.09,-4020.40,5050.95,4156.90,4644.73
16013.00,452.04,-455.09,-4020.40,5050.95,4156.90,4644.73
16016.00,452.04,-455.09,-4020.40,5050.95,4156.90,4644.73
16019.00,452.04,-455.09,-4020.40,5050.95,4156.90,4644.73
16023.00,452.04,-455.09,-4020.40,5050.95,4156.90,4644.73
16026.00,452.04,-455.09,-4020.40,5050.95,4156.90,4644.73
16029.00,452.04,-455.09,-4020.40,5050.95,4156.90,4644.73
16033.00,452.04,-455.09,-4020.40,5050.95,4156.90,4644.73
16036.00,452.04,-455.09,-4020.40,5050.95,4156.90,4644.73
16040.00,452.04,-455.09,-4020.40,5050.95,4156.90,4644.73
16044.00,122.17,-122.17,-721.73,1721.73,4084.73,4816.90
16048.00,122.17,-122.17,-721.73,1721.73,4084.73,4816.90
16051.00,122.17,-122.17,-721.73,1721.73,4084.73,4816.90
16054.00,122.17,-122.17,-721.73,1721.73,4084.73,4816.90
16058.00,122.17,-122.17,-721.73,1721.73,4084.73,4816.90
16061.00,122.17,-122.17,-721.73,1721.73,4084.73,4816.90
16065.00,122.17,-122.17,-721.73,1721.73,4084.73,4816.90
16068.00,122.17,-122.17,-721.73,1721.73,4084.73,4816.90
16072.00,122.17,-122.17,-721.73,1721.73,4084.73,4816.90
16075.00,122.17,-122.17,-721.73,1721.73,4084.73,4816.90
16079.00,122.17,-122.17,-721.73,1721.73,4084.73,4816.90
16082.00,122.17,-122.17,-721.73,1721.73,4084.73,4816.90
16087.00,122.17,-122.17,-721.73,1721.73,4084.73,4816.90
16091.00,122.17,-122.17,-721.73,1721.73,4084.73,4816.90
16094.00,-418.44,430.66,4684.43,-3806.60,4553.17,4436.24
16098.00,-418.44,430.66,4684.43,-3806.60,4553.17,4436.24
16102.00,-418.44,430.66,4684.43,-3806.60,4553.17,4436.24
16105.00,-418.44,430.66,4684.43,-3806.60,4553.17,4436.24
16109.00,-418.44,430.66,4684.43,-3806.60,4553.17,4436.24
16112.00,-418.44,430.66,4684.43,-3806.60,4553.17,4436.24
16115.00,-418.44,430.66,4684.43,-3806.60,4553.17,4436.24
16119.00,-418.44,430.66,4684.43,-3806.60,4553.17,4436.24
16122.00,-418.44,430.66,4684.43,-3806.60,4553.17,4436.24
16125.00,-418.44,430.66,4684.43,-3806.60,4553.17,4436.24
16130.00,-418.44,430.66,4684.43,-3806.60,4553.17,4436.24
16133.00,-418.44,430.66,4684.43,-3806.60,4553.17,4436.24
16137.00,-418.44,430.66,4684.43,-3806.60,4553.17,4436.24
16140.00,-418.44,430.66,4684.43,-3806.60,4553.17,4436.24
16143.00,-418.44,430.66,4684.43,-3806.60,4553.17,4436.24
16147.00,-72.04,80.68,1220.36,-306.80,4675.20,4405.56
16150.00,-72.04,80.68,1220.36,-306.80,4675.20,4405.56
16154.00,-72.04,80.68,1220.36,-306.80,4675.20,4405.56
16157.00,-72.04,80.68,1220.36,-306.80,4675.20,4405.56
16161.00,-72.04,80.68,1220.36,-306.80,4675.20,4405.56
16164.00,-72.04,80.68,1220.36,-306.80,4675.20,4405.56
16167.00,-72.04,80.68,1220.36,-306.80,4675.20,4405.56
16172.00,-72.04,80.68,1220.36,-306.80,4675.20,4405.56
16175.00,-72.04,80.68,1220.36,-306.80,4675.20,4405.56
16179.00,-72.04,80.68,1220.36,-306.80,4675.20,4405.56
16182.00,-72.04,80.68,1220.36,-306.80,4675.20,4405.56
16186.00,-72.04,80.68,1220.36,-306.80,4675.20,4405.56
16189.00,-72.04,80.68,1220.36,-306.80,4675.20,4405.56
16193.00,-72.04,80.68,1220.36,-306.80,4675.20,4405.56
16196.00,-72.04,80.68,1220.36,-306.80,4675.20,4405.56
16200.00,472.83,-478.71,-4228.33,5287.07,4252.37,4934.27
16203.00,472.83,-478.71,-4228.33,5287.07,4252.37,4934.27
16207.00,472.83,-478.71,-4228.33,5287.07,4252.37,4934.27
16211.00,472.83,-478.71,-4228.33,5287.07,4252.37,4934.27
16215.00,472.83,-478.71,-4228.33,5287.07,4252.37,4934.27
16218.00,472.83,-478.71,-4228.33,5287.07,4252.37,4934.27
16222.00,472.83,-478.71,-4228.33,5287.07,4252.37,4934.27
16225.00,472.83,-478.71,-4228.33,5287.07,4252.37,4934.27
16229.00,472.83,-478.71,-4228.33,5287.07,4252.37,4934.27
16232.00,472.83,-478.71,-4228.33,5287.07,4252.37,4934.27
16235.00,472.83,-478.71,-4228.33,5287.07,4252.37,4934.27
16239.00,472.83,-478.71,-4228.33,5287.07,4252.37,4934.27
16242.00,472.83,-478.71,-4228.33,5287.07,4252.37,4934.27
16246.00,472.83,-478.71,-4228.33,5287.07,4252.37,4934.27
16249.00,122.17,-125.23,-721.73,1752.27,4180.20,5109.49
16253.00,122.17,-125.23,-721.73,1752.27,4180.20,5109.49
16257.00,122.17,-125.23,-721.73,1752.27,4180.20,5109.49
16261.00,122.17,-125.23,-721.73,1752.27,4180.20,5109.49
16264.00,122.17,-125.23,-721.73,1752.27,4180.20,5109.49
16267.00,122.17,-125.23,-721.73,1752.27,4180.20,5109.49
16271.00,122.17,-125.23,-721.73,1752.27,4180.20,5109.49
16274.00,122.17,-125.23,-721.73,1752.27,4180.20,5109.49
16278.00,122.17,-125.23,-721.73,1752.27,4180.20,5109.49
16281.00,122.17,-125.23,-721.73,1752.27,4180.20,5109.49
16285.00,122.17,-125.23,-721.73,1752.27,4180.20,5109.49
16289.00,122.17,-125.23,-721.73,1752.27,4180.20,5109.49
16292.00,122.17,-125.23,-721.73,1752.27,4180.20,5109.49
16296.00,122.17,-125.23,-721.73,1752.27,4180.20,5109.49
16300.00,-413.23,428.20,4632.32,-3782.05,4643.43,4731.29
16304.00,-413.23,428.20,4632.32,-3782.05,4643.43,4731.29
16308.00,-413.23,428.20,4632.32,-3782.05,4643.43,4731.29
16311.00,-413.23,428.20,4632.32,-3782.05,4643.43,4731.29
16315.00,-413.23,428.20,4632.32,-3782.05,4643.43,4731.29
16318.00,-413.23,428.20,4632.32,-3782.05,4643.43,4731.29
16321.00,-413.23,428.20,4632.32,-3782.05,4643.43,4731.29
16325.00,-413.23,428.20,4632.32,-3782.05,4643.43,4731.29
16328.00,-413.23,428.20,4632.32,-3782.05,4643.43,4731.29
16331.00,-413.23,428.20,4632.32,-3782.05,4643.43,4731.29
16335.00,-413.23,428.20,4632.32,-3782.05,4643.43,4731.29
16338.00,-413.23,428.20,4632.32,-3782.05,4643.43,4731.29
16343.00,-413.23,428.20,4632.32,-3782.05,4643.43,4731.29
16346.00,-413.23,428.20,4632.32,-3782.05,4643.43,4731.29
16349.00,-413.23,428.20,4632.32,-3782.05,4643.43,4731.29
16353.00,-66.27,74.92,1162.73,-249.17,4759.70,4706.37
16357.00,-66.27,74.92,1162.73,-249.17,4759.70,4706.37
16360.00,-66.27,74.92,1162.73,-249.17,4759.70,4706.37
16363.00,-66.27,74.92,1162.73,-249.17,4759.70,4706.37
16367.00,-66.27,74.92,1162.73,-249.17,4759.70,4706.37
16370.00,-66.27,74.92,1162.73,-249.17,4759.70,4706.37
16374.00,-66.27,74.92,1162.73,-249.17,4759.70,4706.37
16377.00,-66.27,74.92,1162.73,-249.17,4759.70,4706.37
16380.00,-66.27,74.92,1162.73,-249.17,4759.70,4706.37
16385.00,-66.27,74.92,1162.73,-249.17,4759.70,4706.37
16388.00,-66.27,74.92,1162.73,-249.17,4759.70,4706.37
16392.00,-66.27,74.92,1162.73,-249.17,4759.70,4706.37
16395.00,-66.27,74.92,1162.73,-249.17,4759.70,4706.37
16399.00,-66.27,74.92,1162.73,-249.17,4759.70,4706.37
16402.00,-66.27,74.92,1162.73,-249.17,4759.70,4706.37
16406.00,472.56,-429.33,-4225.56,4793.35,4337.15,5185.71
16410.00,472.56,-429.33,-4225.56,4793.35,4337.15,5185.71
16413.00,472.56,-429.33,-4225.56,4793.35,4337.15,5185.71
16417.00,472.56,-429.33,-4225.56,4793.35,4337.15,5185.71
16420.00,472.56,-429.33,-4225.56,4793.35,4337.15,5185.71
16424.00,472.56,-429.33,-4225.56,4793.35,4337.15,5185.71
16428.00,472.56,-429.33,-4225.56,4793.35,4337.15,5185.71
16431.00,472.56,-429.33,-4225.56,4793.35,4337.15,5185.71
16435.00,472.56,-429.33,-4225.56,4793.35,4337.15,5185.71
16438.00,472.56,-429.33,-4225.56,4793.35,4337.15,5185.71
16442.00,472.56,-429.33,-4225.56,4793.35,4337.15,5185.71
16445.00,472.56,-429.33,-4225.56,4793.35,4337.15,5185.71
16448.00,472.56,-429.33,-4225.56,4793.35,4337.15,5185.71
16452.00,472.56,-429.33,-4225.56,4793.35,4337.15,5185.71
16455.00,472.56,-429.33,-4225.56,4793.35,4337.15,5185.71
16459.00,97.97,-48.98,-479.69,989.84,4289.18,5284.69
16462.00,97.97,-48.98,-479.69,989.84,4289.18,5284.69
16466.00,97.97,-48.98,-479.69,989.84,4289.18,5284.69
16470.00,97.97,-48.98,-479.69,989.84,4289.18,5284.69
16473.00,97.97,-48.98,-479.69,989.84,4289.18,5284.69
16477.00,97.97,-48.98,-479.69,989.84,4289.18,5284.69
16480.00,97.97,-48.98,-479.69,989.84,4289.18,5284.69
16483.00,97.97,-48.98,-479.69,989.84,4289.18,5284.69
16487.00,97.97,-48.98,-479.69,989.84,4289.18,5284.69
16490.00,97.97,-48.98,-479.69,989.84,4289.18,5284.69
16494.00,97.97,-48.98,-479.69,989.84,4289.18,5284.69
16497.00,97.97,-48.98,-479.69,989.84,4289.18,5284.69
16501.00,97.97,-48.98,-479.69,989.84,4289.18,5284.69
16504.00,97.97,-48.98,-479.69,989.84,4289.18,5284.69
16507.00,97.97,-48.98,-479.69,989.84,4289.18,5284.69
16512.00,-440.86,463.91,4908.60,-4139.12,4780.04,4870.78
16516.00,-440.86,463.91,4908.60,-4139.12,4780.04,4870.78
16519.00,-440.86,463.91,4908.60,-4139.12,4780.04,4870.78
16523.00,-440.86,463.91,4908.60,-4139.12,4780.04,4870.78
16526.00,-440.86,463.91,4908.60,-4139.12,4780.04,4870.78
16530.00,-440.86,463.91,4908.60,-4139.12,4780.04,4870.78
16533.00,-440.86,463.91,4908.60,-4139.12,4780.04,4870.78
16536.00,-440.86,463.91,4908.60,-4139.12,4780.04,4870.78
16540.00,-440.86,463.91,4908.60,-4139.12,4780.04,4870.78
16543.00,-440.86,463.91,4908.60,-4139.12,4780.04,4870.78
16547.00,-440.86,463.91,4908.60,-4139.12,4780.04,4870.78
16550.00,-440.86,463.91,4908.60,-4139.12,4780.04,4870.78
16553.00,-440.86,463.91,4908.60,-4139.12,4780.04,4870.78
16558.00,-440.86,463.91,4908.60,-4139.12,4780.04,4870.78
16561.00,-440.86,463.91,4908.60,-4139.12,4780.04,4870.78
16565.00,-88.11,96.92,1381.06,-469.16,4918.15,4823.86
16568.00,-88.11,96.92,1381.06,-469.16,4918.15,4823.86
16572.00,-88.11,96.92,1381.06,-469.16,4918.15,4823.86
16575.00,-88.11,96.92,1381.06,-469.16,4918.15,4823.86
16578.00,-88.11,96.92,1381.06,-469.16,4918.15,4823.86
16582.00,-88.11,96.92,1381.06,-469.16,4918.15,4823.86
16585.00,-88.11,96.92,1381.06,-469.16,4918.15,4823.86
16589.00,-88.11,96.92,1381.06,-469.16,4918.15,4823.86
16592.00,-88.11,96.92,1381.06,-469.16,4918.15,4823.86
16596.00,-88.11,96.92,1381.06,-469.16,4918.15,4823.86
16600.00,-88.11,96.92,1381.06,-469.16,4918.15,4823.86
16604.00,-88.11,96.92,1381.06,-469.16,4918.15,4823.86
16607.00,-88.11,96.92,1381.06,-469.16,4918.15,4823.86
16611.00,-88.11,96.92,1381.06,-469.16,4918.15,4823.86
16614.00,452.04,-452.04,-4020.40,5020.40,4516.11,5325.90
16618.00,452.04,-452.04,-4020.40,5020.40,4516.11,5325.90
16621.00,452.04,-452.04,-4020.40,5020.40,4516.11,5325.90
16625.00,452.04,-452.04,-4020.40,5020.40,4516.11,5325.90
16628.00,452.04,-452.04,-4020.40,5020.40,4516.11,5325.90
16632.00,452.04,-452.04,-4020.40,5020.40,4516.11,5325.90
16635.00,452.04,-452.04,-4020.40,5020.40,4516.11,5325.90
16640.00,452.04,-452.04,-4020.40,5020.40,4516.11,5325.90
16643.00,452.04,-452.04,-4020.40,5020.40,4516.11,5325.90
16646.00,452.04,-452.04,-4020.40,5020.40,4516.11,5325.90
16649.00,452.04,-452.04,-4020.40,5020.40,4516.11,5325.90
16653.00,452.04,-452.04,-4020.40,5020.40,4516.11,5325.90
16656.00,452.04,-452.04,-4020.40,5020.40,4516.11,5325.90
16660.00,452.04,-452.04,-4020.40,5020.40,4516.11,5325.90
16663.00,452.04,-452.04,-4020.40,5020.40,4516.11,5325.90
16667.00,93.98,-102.79,-439.79,1527.90,4472.13,5478.69
16670.00,93.98,-102.79,-439.79,1527.90,4472.13,5478.69
16674.00,93.98,-102.79,-439.79,1527.90,4472.13,5478.69
16677.00,93.98,-102.79,-439.79,1527.90,4472.13,5478.69
16680.00,93.98,-102.79,-439.79,1527.90,4472.13,5478.69
16685.00,93.98,-102.79,-439.79,1527.90,4472.13,5478.69
16688.00,93.98,-102.79,-439.79,1527.90,4472.13,5478.69
16692.00,93.98,-102.79,-439.79,1527.90,4472.13,5478.69
16695.00,93.98,-102.79,-439.79,1527.90,4472.13,5478.69
16699.00,93.98,-102.79,-439.79,1527.90,4472.13,5478.69
16702.00,93.98,-102.79,-439.79,1527.90,4472.13,5478.69
16706.00,93.98,-102.79,-439.79,1527.90,4472.13,5478.69
16709.00,93.98,-102.79,-439.79,1527.90,4472.13,5478.69
16713.00,93.98,-102.79,-439.79,1527.90,4472.13,5478.69
16716.00,-433.71,442.88,4837.14,-3928.77,4955.84,5085.81
16720.00,-433.71,442.88,4837.14,-3928.77,4955.84,5085.81
16724.00,-433.71,442.88,4837.14,-3928.77,4955.84,5085.81
16728.00,-433.71,442.88,4837.14,-3928.77,4955.84,5085.81
16732.00,-433.71,442.88,4837.14,-3928.77,4955.84,5085.81
16735.00,-433.71,442.88,4837.14,-3928.77,4955.84,5085.81
16738.00,-433.71,442.88,4837.14,-3928.77,4955.84,5085.81
16742.00,-433.71,442.88,4837.14,-3928.77,4955.84,5085.81
16745.00,-433.71,442.88,4837.14,-3928.77,4955.84,5085.81
16748.00,-433.71,442.88,4837.14,-3928.77,4955.84,5085.81
16752.00,-433.71,442.88,4837.14,-3928.77,4955.84,5085.81
16755.00,-433.71,442.88,4837.14,-3928.77,4955.84,5085.81
16759.00,-433.71,442.88,4837.14,-3928.77,4955.84,5085.81
16762.00,-433.71,442.88,4837.14,-3928.77,4955.84,5085.81
16765.00,-433.71,442.88,4837.14,-3928.77,4955.84,5085.81
16770.00,-76.36,79.19,1263.58,-291.86,5082.20,5056.63
16774.00,-76.36,79.19,1263.58,-291.86,5082.20,5056.63
16777.00,-76.36,79.19,1263.58,-291.86,5082.20,5056.63
16780.00,-76.36,79.19,1263.58,-291.86,5082.20,5056.63
16784.00,-76.36,79.19,1263.58,-291.86,5082.20,5056.63
16787.00,-76.36,79.19,1263.58,-291.86,5082.20,5056.63
16791.00,-76.36,79.19,1263.58,-291.86,5082.20,5056.63
16794.00,-76.36,79.19,1263.58,-291.86,5082.20,5056.63
16797.00,-76.36,79.19,1263.58,-291.86,5082.20,5056.63
16801.00,-76.36,79.19,1263.58,-291.86,5082.20,5056.63
16804.00,-76.36,79.19,1263.58,-291.86,5082.20,5056.63
16808.00,-76.36,79.19,1263.58,-291.86,5082.20,5056.63
