19273.00,284.47,-164.69,-2344.72,2146.94,-940.07,-1328.28
19277.00,284.47,-164.69,-2344.72,2146.94,-940.07,-1328.28
19280.00,284.47,-164.69,-2344.72,2146.94,-940.07,-1328.28
19283.00,284.47,-164.69,-2344.72,2146.94,-940.07,-1328.28
19287.00,284.47,-164.69,-2344.72,2146.94,-940.07,-1328.28
19291.00,284.47,-164.69,-2344.72,2146.94,-940.07,-1328.28
19294.00,284.47,-164.69,-2344.72,2146.94,-940.07,-1328.28
19298.00,284.47,-164.69,-2344.72,2146.94,-940.07,-1328.28
19301.00,284.47,-164.69,-2344.72,2146.94,-940.07,-1328.28
19304.00,284.47,-164.69,-2344.72,2146.94,-940.07,-1328.28
19308.00,11.75,2.94,382.53,470.63,-901.82,-1281.22
19311.00,11.75,2.94,382.53,470.63,-901.82,-1281.22
19314.00,11.75,2.94,382.53,470.63,-901.82,-1281.22
19318.00,11.75,2.94,382.53,470.63,-901.82,-1281.22
19321.00,11.75,2.94,382.53,470.63,-901.82,-1281.22
19324.00,11.75,2.94,382.53,470.63,-901.82,-1281.22
19328.00,11.75,2.94,382.53,470.63,-901.82,-1281.22
19331.00,11.75,2.94,382.53,470.63,-901.82,-1281.22
19334.00,11.75,2.94,382.53,470.63,-901.82,-1281.22
19337.00,11.75,2.94,382.53,470.63,-901.82,-1281.22
19341.00,11.75,2.94,382.53,470.63,-901.82,-1281.22
19344.00,11.75,2.94,382.53,470.63,-901.82,-1281.22
19347.00,11.75,2.94,382.53,470.63,-901.82,-1281.22
19350.00,11.75,2.94,382.53,470.63,-901.82,-1281.22
19353.00,11.75,2.94,382.53,470.63,-901.82,-1281.22
19357.00,11.75,2.94,382.53,470.63,-901.82,-1281.22
19360.00,73.42,305.43,-234.21,-2554.33,-925.24,-1536.65
19364.00,73.42,305.43,-234.21,-2554.33,-925.24,-1536.65
19367.00,73.42,305.43,-234.21,-2554.33,-925.24,-1536.65
19371.00,73.42,305.43,-234.21,-2554.33,-925.24,-1536.65
19375.00,73.42,305.43,-234.21,-2554.33,-925.24,-1536.65
19378.00,73.42,305.43,-234.21,-2554.33,-925.24,-1536.65
19381.00,73.42,305.43,-234.21,-2554.33,-925.24,-1536.65
19384.00,73.42,305.43,-234.21,-2554.33,-925.24,-1536.65
19388.00,73.42,305.43,-234.21,-2554.33,-925.24,-1536.65
19391.00,73.42,305.43,-234.21,-2554.33,-925.24,-1536.65
19394.00,73.42,305.43,-234.21,-2554.33,-925.24,-1536.65
19397.00,73.42,305.43,-234.21,-2554.33,-925.24,-1536.65
19401.00,73.42,305.43,-234.21,-2554.33,-925.24,-1536.65
19404.00,73.42,305.43,-234.21,-2554.33,-925.24,-1536.65
19407.00,73.42,305.43,-234.21,-2554.33,-925.24,-1536.65
19411.00,12.22,39.71,377.83,102.94,-887.45,-1526.36
19415.00,12.22,39.71,377.83,102.94,-887.45,-1526.36
19418.00,12.22,39.71,377.83,102.94,-887.45,-1526.36
19421.00,12.22,39.71,377.83,102.94,-887.45,-1526.36
19425.00,12.22,39.71,377.83,102.94,-887.45,-1526.36
19428.00,12.22,39.71,377.83,102.94,-887.45,-1526.36
19431.00,12.22,39.71,377.83,102.94,-887.45,-1526.36
19434.00,12.22,39.71,377.83,102.94,-887.45,-1526.36
19437.00,12.22,39.71,377.83,102.94,-887.45,-1526.36
19440.00,12.22,39.71,377.83,102.94,-887.45,-1526.36
19444.00,12.22,39.71,377.83,102.94,-887.45,-1526.36
19447.00,12.22,39.71,377.83,102.94,-887.45,-1526.36
19450.00,12.22,39.71,377.83,102.94,-887.45,-1526.36
19453.00,12.22,39.71,377.83,102.94,-887.45,-1526.36
19457.00,12.22,39.71,377.83,102.94,-887.45,-1526.36
19461.00,98.82,-53.90,-488.16,1039.00,-936.27,-1422.46
19464.00,98.82,-53.90,-488.16,1039.00,-936.27,-1422.46
19467.00,98.82,-53.90,-488.16,1039.00,-936.27,-1422.46
19471.00,98.82,-53.90,-488.16,1039.00,-936.27,-1422.46
19474.00,98.82,-53.90,-488.16,1039.00,-936.27,-1422.46
19477.00,98.82,-53.90,-488.16,1039.00,-936.27,-1422.46
19480.00,98.82,-53.90,-488.16,1039.00,-936.27,-1422.46
19484.00,98.82,-53.90,-488.16,1039.00,-936.27,-1422.46
19487.00,98.82,-53.90,-488.16,1039.00,-936.27,-1422.46
19490.00,98.82,-53.90,-488.16,1039.00,-936.27,-1422.46
19493.00,98.82,-53.90,-488.16,1039.00,-936.27,-1422.46
19497.00,98.82,-53.90,-488.16,1039.00,-936.27,-1422.46
19501.00,98.82,-53.90,-488.16,1039.00,-936.27,-1422.46
19504.00,98.82,-53.90,-488.16,1039.00,-936.27,-1422.46
19507.00,98.82,-53.90,-488.16,1039.00,-936.27,-1422.46
19511.00,-27.49,198.53,774.89,-1485.31,-858.78,-1570.99
19514.00,-27.49,198.53,774.89,-1485.31,-858.78,-1570.99
19518.00,-27.49,198.53,774.89,-1485.31,-858.78,-1570.99
19521.00,-27.49,198.53,774.89,-1485.31,-858.78,-1570.99
19524.00,-27.49,198.53,774.89,-1485.31,-858.78,-1570.99
19527.00,-27.49,198.53,774.89,-1485.31,-858.78,-1570.99
19531.00,-27.49,198.53,774.89,-1485.31,-858.78,-1570.99
19534.00,-27.49,198.53,774.89,-1485.31,-858.78,-1570.99
19537.00,-27.49,198.53,774.89,-1485.31,-858.78,-1570.99
19540.00,-27.49,198.53,774.89,-1485.31,-858.78,-1570.99
19545.00,-27.49,198.53,774.89,-1485.31,-858.78,-1570.99
19548.00,-27.49,198.53,774.89,-1485.31,-858.78,-1570.99
19551.00,-27.49,198.53,774.89,-1485.31,-858.78,-1570.99
19555.00,-27.49,198.53,774.89,-1485.31,-858.78,-1570.99
19558.00,-27.49,198.53,774.89,-1485.31,-858.78,-1570.99
19562.00,39.71,9.16,102.94,408.37,-848.49,-1530.15
19565.00,39.71,9.16,102.94,408.37,-848.49,-1530.15
19568.00,39.71,9.16,102.94,408.37,-848.49,-1530.15
19571.00,39.71,9.16,102.94,408.37,-848.49,-1530.15
19574.00,39.71,9.16,102.94,408.37,-848.49,-1530.15
19577.00,39.71,9.16,102.94,408.37,-848.49,-1530.15
19581.00,39.71,9.16,102.94,408.37,-848.49,-1530.15
19585.00,39.71,9.16,102.94,408.37,-848.49,-1530.15
19588.00,39.71,9.16,102.94,408.37,-848.49,-1530.15
19591.00,39.71,9.16,102.94,408.37,-848.49,-1530.15
19594.00,39.71,9.16,102.94,408.37,-848.49,-1530.15
19597.00,39.71,9.16,102.94,408.37,-848.49,-1530.15
19601.00,39.71,9.16,102.94,408.37,-848.49,-1530.15
19604.00,39.71,9.16,102.94,408.37,-848.49,-1530.15
19607.00,39.71,9.16,102.94,408.37,-848.49,-1530.15
19610.00,39.71,9.16,102.94,408.37,-848.49,-1530.15
19614.00,205.58,82.23,-1555.80,-322.32,-1004.07,-1562.38
19617.00,205.58,82.23,-1555.80,-322.32,-1004.07,-1562.38
19620.00,205.58,82.23,-1555.80,-322.32,-1004.07,-1562.38
19624.00,205.58,82.23,-1555.80,-322.32,-1004.07,-1562.38
19628.00,205.58,82.23,-1555.80,-322.32,-1004.07,-1562.38
19631.00,205.58,82.23,-1555.80,-322.32,-1004.07,-1562.38
19634.00,205.58,82.23,-1555.80,-322.32,-1004.07,-1562.38
19638.00,205.58,82.23,-1555.80,-322.32,-1004.07,-1562.38
19641.00,205.58,82.23,-1555.80,-322.32,-1004.07,-1562.38
19644.00,205.58,82.23,-1555.80,-322.32,-1004.07,-1562.38
19648.00,205.58,82.23,-1555.80,-322.32,-1004.07,-1562.38
19651.00,205.58,82.23,-1555.80,-322.32,-1004.07,-1562.38
19654.00,205.58,82.23,-1555.80,-322.32,-1004.07,-1562.38
19658.00,205.58,82.23,-1555.80,-322.32,-1004.07,-1562.38
19661.00,205.58,82.23,-1555.80,-322.32,-1004.07,-1562.38
19665.00,-74.86,-23.96,1248.61,739.55,-879.21,-1488.43
19668.00,-74.86,-23.96,1248.61,739.55,-879.21,-1488.43
19672.00,-74.86,-23.96,1248.61,739.55,-879.21,-1488.43
19676.00,-74.86,-23.96,1248.61,739.55,-879.21,-1488.43
19679.00,-74.86,-23.96,1248.61,739.55,-879.21,-1488.43
19682.00,-74.86,-23.96,1248.61,739.55,-879.21,-1488.43
19685.00,-74.86,-23.96,1248.61,739.55,-879.21,-1488.43
19688.00,-74.86,-23.96,1248.61,739.55,-879.21,-1488.43
19692.00,-74.86,-23.96,1248.61,739.55,-879.21,-1488.43
19695.00,-74.86,-23.96,1248.61,739.55,-879.21,-1488.43
19698.00,-74.86,-23.96,1248.61,739.55,-879.21,-1488.43
19701.00,-74.86,-23.96,1248.61,739.55,-879.21,-1488.43
19705.00,-74.86,-23.96,1248.61,739.55,-879.21,-1488.43
19708.00,-74.86,-23.96,1248.61,739.55,-879.21,-1488.43
19712.00,-74.86,-23.96,1248.61,739.55,-879.21,-1488.43
19716.00,26.95,38.93,230.50,110.72,-856.16,-1477.35
19719.00,26.95,38.93,230.50,110.72,-856.16,-1477.35
19722.00,26.95,38.93,230.50,110.72,-856.16,-1477.35
19726.00,26.95,38.93,230.50,110.72,-856.16,-1477.35
19729.00,26.95,38.93,230.50,110.72,-856.16,-1477.35
19732.00,26.95,38.93,230.50,110.72,-856.16,-1477.35
19735.00,26.95,38.93,230.50,110.72,-856.16,-1477.35
19738.00,26.95,38.93,230.50,110.72,-856.16,-1477.35
19742.00,26.95,38.93,230.50,110.72,-856.16,-1477.35
19745.00,26.95,38.93,230.50,110.72,-856.16,-1477.35
19748.00,26.95,38.93,230.50,110.72,-856.16,-1477.35
19751.00,26.95,38.93,230.50,110.72,-856.16,-1477.35
19756.00,26.95,38.93,230.50,110.72,-856.16,-1477.35
19759.00,26.95,38.93,230.50,110.72,-856.16,-1477.35
19762.00,26.95,38.93,230.50,110.72,-856.16,-1477.35
19766.00,268.78,210.75,-2187.81,-1607.49,-1074.94,-1638.10
19769.00,268.78,210.75,-2187.81,-1607.49,-1074.94,-1638.10
19773.00,268.78,210.75,-2187.81,-1607.49,-1074.94,-1638.10
19776.00,268.78,210.75,-2187.81,-1607.49,-1074.94,-1638.10
19779.00,268.78,210.75,-2187.81,-1607.49,-1074.94,-1638.10
19783.00,268.78,210.75,-2187.81,-1607.49,-1074.94,-1638.10
19786.00,268.78,210.75,-2187.81,-1607.49,-1074.94,-1638.10
19790.00,268.78,210.75,-2187.81,-1607.49,-1074.94,-1638.10
19793.00,268.78,210.75,-2187.81,-1607.49,-1074.94,-1638.10
19796.00,268.78,210.75,-2187.81,-1607.49,-1074.94,-1638.10
19801.00,268.78,210.75,-2187.81,-1607.49,-1074.94,-1638.10
19804.00,268.78,210.75,-2187.81,-1607.49,-1074.94,-1638.10
19808.00,268.78,210.75,-2187.81,-1607.49,-1074.94,-1638.10
19811.00,268.78,210.75,-2187.81,-1607.49,-1074.94,-1638.10
19814.00,268.78,210.75,-2187.81,-1607.49,-1074.94,-1638.10
19818.00,-11.53,-72.04,615.26,1220.36,-1013.41,-1516.07
19821.00,-11.53,-72.04,615.26,1220.36,-1013.41,-1516.07
19825.00,-11.53,-72.04,615.26,1220.36,-1013.41,-1516.07
19828.00,-11.53,-72.04,615.26,1220.36,-1013.41,-1516.07
19831.00,-11.53,-72.04,615.26,1220.36,-1013.41,-1516.07
19835.00,-11.53,-72.04,615.26,1220.36,-1013.41,-1516.07
19838.00,-11.53,-72.04,615.26,1220.36,-1013.41,-1516.07
19842.00,-11.53,-72.04,615.26,1220.36,-1013.41,-1516.07
19845.00,-11.53,-72.04,615.26,1220.36,-1013.41,-1516.07
19849.00,-11.53,-72.04,615.26,1220.36,-1013.41,-1516.07
19852.00,-11.53,-72.04,615.26,1220.36,-1013.41,-1516.07
19855.00,-11.53,-72.04,615.26,1220.36,-1013.41,-1516.07
19858.00,-11.53,-72.04,615.26,1220.36,-1013.41,-1516.07
19862.00,-11.53,-72.04,615.26,1220.36,-1013.41,-1516.07
19865.00,-11.53,-72.04,615.26,1220.36,-1013.41,-1516.07
19869.00,48.87,24.43,11.31,255.65,-1012.28,-1490.50
19872.00,48.87,24.43,11.31,255.65,-1012.28,-1490.50
19875.00,48.87,24.43,11.31,255.65,-1012.28,-1490.50
19878.00,48.87,24.43,11.31,255.65,-1012.28,-1490.50
19883.00,48.87,24.43,11.31,255.65,-1012.28,-1490.50
19886.00,48.87,24.43,11.31,255.65,-1012.28,-1490.50
19889.00,48.87,24.43,11.31,255.65,-1012.28,-1490.50
19892.00,48.87,24.43,11.31,255.65,-1012.28,-1490.50
19895.00,48.87,24.43,11.31,255.65,-1012.28,-1490.50
19899.00,48.87,24.43,11.31,255.65,-1012.28,-1490.50
19902.00,48.87,24.43,11.31,255.65,-1012.28,-1490.50
19905.00,48.87,24.43,11.31,255.65,-1012.28,-1490.50
19908.00,48.87,24.43,11.31,255.65,-1012.28,-1490.50
19912.00,48.87,24.43,11.31,255.65,-1012.28,-1490.50
19915.00,48.87,24.43,11.31,255.65,-1012.28,-1490.50
19918.00,164.93,287.11,-1149.34,-2371.07,-1127.22,-1727.61
19922.00,164.93,287.11,-1149.34,-2371.07,-1127.22,-1727.61
19926.00,164.93,287.11,-1149.34,-2371.07,-1127.22,-1727.61
19929.00,164.93,287.11,-1149.34,-2371.07,-1127.22,-1727.61
19933.00,164.93,287.11,-1149.34,-2371.07,-1127.22,-1727.61
19936.00,164.93,287.11,-1149.34,-2371.07,-1127.22,-1727.61
19940.00,164.93,287.11,-1149.34,-2371.07,-1127.22,-1727.61
19943.00,164.93,287.11,-1149.34,-2371.07,-1127.22,-1727.61
19946.00,164.93,287.11,-1149.34,-2371.07,-1127.22,-1727.61
19950.00,164.93,287.11,-1149.34,-2371.07,-1127.22,-1727.61
19953.00,164.93,287.11,-1149.34,-2371.07,-1127.22,-1727.61
19957.00,164.93,287.11,-1149.34,-2371.07,-1127.22,-1727.61
19960.00,164.93,287.11,-1149.34,-2371.07,-1127.22,-1727.61
19964.00,164.93,287.11,-1149.34,-2371.07,-1127.22,-1727.61
19968.00,-109.96,27.49,1599.56,225.11,-967.26,-1705.10
19972.00,-109.96,27.49,1599.56,225.11,-967.26,-1705.10
19975.00,-109.96,27.49,1599.56,225.11,-967.26,-1705.10
19978.00,-109.96,27.49,1599.56,225.11,-967.26,-1705.10
19981.00,-109.96,27.49,1599.56,225.11,-967.26,-1705.10
19985.00,-109.96,27.49,1599.56,225.11,-967.26,-1705.10
19988.00,-109.96,27.49,1599.56,225.11,-967.26,-1705.10
19991.00,-109.96,27.49,1599.56,225.11,-967.26,-1705.10
19994.00,-109.96,27.49,1599.56,225.11,-967.26,-1705.10
19998.00,-109.96,27.49,1599.56,225.11,-967.26,-1705.10
20001.00,-109.96,27.49,1599.56,225.11,-967.26,-1705.10
20004.00,-109.96,27.49,1599.56,225.11,-967.26,-1705.10
20007.00,-109.96,27.49,1599.56,225.11,-967.26,-1705.10
20012.00,-109.96,27.49,1599.56,225.11,-967.26,-1705.10
20015.00,-109.96,27.49,1599.56,225.11,-967.26,-1705.10
20019.00,30.54,15.27,194.57,347.28,-947.80,-1670.37
20022.00,30.54,15.27,194.57,347.28,-947.80,-1670.37
20025.00,30.54,15.27,194.57,347.28,-947.80,-1670.37
20028.00,30.54,15.27,194.57,347.28,-947.80,-1670.37
20032.00,30.54,15.27,194.57,347.28,-947.80,-1670.37
20035.00,30.54,15.27,194.57,347.28,-947.80,-1670.37
20038.00,30.54,15.27,194.57,347.28,-947.80,-1670.37
20041.00,30.54,15.27,194.57,347.28,-947.80,-1670.37
20045.00,30.54,15.27,194.57,347.28,-947.80,-1670.37
20048.00,30.54,15.27,194.57,347.28,-947.80,-1670.37
20051.00,30.54,15.27,194.57,347.28,-947.80,-1670.37
20055.00,30.54,15.27,194.57,347.28,-947.80,-1670.37
20059.00,30.54,15.27,194.57,347.28,-947.80,-1670.37
20062.00,30.54,15.27,194.57,347.28,-947.80,-1670.37
20065.00,30.54,15.27,194.57,347.28,-947.80,-1670.37
20069.00,238.24,284.05,-1882.37,-2340.52,-1136.04,-1904.42
20072.00,238.24,284.05,-1882.37,-2340.52,-1136.04,-1904.42
20076.00,238.24,284.05,-1882.37,-2340.52,-1136.04,-1904.42
20079.00,238.24,284.05,-1882.37,-2340.52,-1136.04,-1904.42
20082.00,238.24,284.05,-1882.37,-2340.52,-1136.04,-1904.42
20086.00,238.24,284.05,-1882.37,-2340.52,-1136.04,-1904.42
20089.00,238.24,284.05,-1882.37,-2340.52,-1136.04,-1904.42
20092.00,238.24,284.05,-1882.37,-2340.52,-1136.04,-1904.42
20097.00,238.24,284.05,-1882.37,-2340.52,-1136.04,-1904.42
20100.00,238.24,284.05,-1882.37,-2340.52,-1136.04,-1904.42
20104.00,238.24,284.05,-1882.37,-2340.52,-1136.04,-1904.42
20107.00,238.24,284.05,-1882.37,-2340.52,-1136.04,-1904.42
20110.00,238.24,284.05,-1882.37,-2340.52,-1136.04,-1904.42
20114.00,238.24,284.05,-1882.37,-2340.52,-1136.04,-1904.42
20117.00,238.24,284.05,-1882.37,-2340.52,-1136.04,-1904.42
20121.00,-37.46,34.58,874.59,154.23,-1048.58,-1889.00
20124.00,-37.46,34.58,874.59,154.23,-1048.58,-1889.00
20127.00,-37.46,34.58,874.59,154.23,-1048.58,-1889.00
20131.00,-37.46,34.58,874.59,154.23,-1048.58,-1889.00
20134.00,-37.46,34.58,874.59,154.23,-1048.58,-1889.00
20137.00,-37.46,34.58,874.59,154.23,-1048.58,-1889.00
20141.00,-37.46,34.58,874.59,154.23,-1048.58,-1889.00
20144.00,-37.46,34.58,874.59,154.23,-1048.58,-1889.00
20148.00,-37.46,34.58,874.59,154.23,-1048.58,-1889.00
20151.00,-37.46,34.58,874.59,154.23,-1048.58,-1889.00
20154.00,-37.46,34.58,874.59,154.23,-1048.58,-1889.00
20157.00,-37.46,34.58,874.59,154.23,-1048.58,-1889.00
20161.00,-37.46,34.58,874.59,154.23,-1048.58,-1889.00
20164.00,-37.46,34.58,874.59,154.23,-1048.58,-1889.00
20167.00,-37.46,34.58,874.59,154.23,-1048.58,-1889.00
20170.00,-37.46,34.58,874.59,154.23,-1048.58,-1889.00
20174.00,64.61,-14.68,-146.11,646.84,-1063.19,-1824.31
20177.00,64.61,-14.68,-146.11,646.84,-1063.19,-1824.31
20180.00,64.61,-14.68,-146.11,646.84,-1063.19,-1824.31
20185.00,64.61,-14.68,-146.11,646.84,-1063.19,-1824.31
20188.00,64.61,-14.68,-146.11,646.84,-1063.19,-1824.31
20191.00,64.61,-14.68,-146.11,646.84,-1063.19,-1824.31
20194.00,64.61,-14.68,-146.11,646.84,-1063.19,-1824.31
20198.00,64.61,-14.68,-146.11,646.84,-1063.19,-1824.31
20201.00,64.61,-14.68,-146.11,646.84,-1063.19,-1824.31
20204.00,64.61,-14.68,-146.11,646.84,-1063.19,-1824.31
20207.00,64.61,-14.68,-146.11,646.84,-1063.19,-1824.31
20211.00,64.61,-14.68,-146.11,646.84,-1063.19,-1824.31
20214.00,64.61,-14.68,-146.11,646.84,-1063.19,-1824.31
20217.00,64.61,-14.68,-146.11,646.84,-1063.19,-1824.31
20220.00,64.61,-14.68,-146.11,646.84,-1063.19,-1824.31
20225.00,61.67,234.95,-116.74,-1849.48,-1074.87,-2009.26
20228.00,61.67,234.95,-116.74,-1849.48,-1074.87,-2009.26
20232.00,61.67,234.95,-116.74,-1849.48,-1074.87,-2009.26
20235.00,61.67,234.95,-116.74,-1849.48,-1074.87,-2009.26
20238.00,61.67,234.95,-116.74,-1849.48,-1074.87,-2009.26
20242.00,61.67,234.95,-116.74,-1849.48,-1074.87,-2009.26
20245.00,61.67,234.95,-116.74,-1849.48,-1074.87,-2009.26
20248.00,61.67,234.95,-116.74,-1849.48,-1074.87,-2009.26
20252.00,61.67,234.95,-116.74,-1849.48,-1074.87,-2009.26
20255.00,61.67,234.95,-116.74,-1849.48,-1074.87,-2009.26
20258.00,61.67,234.95,-116.74,-1849.48,-1074.87,-2009.26
20261.00,61.67,234.95,-116.74,-1849.48,-1074.87,-2009.26
20265.00,61.67,234.95,-116.74,-1849.48,-1074.87,-2009.26
20269.00,61.67,234.95,-116.74,-1849.48,-1074.87,-2009.26
20272.00,61.67,234.95,-116.74,-1849.48,-1074.87,-2009.26
20276.00,-98.82,11.98,1488.16,380.22,-926.05,-1971.24
20279.00,-98.82,11.98,1488.16,380.22,-926.05,-1971.24
20283.00,-98.82,11.98,1488.16,380.22,-926.05,-1971.24
20286.00,-98.82,11.98,1488.16,380.22,-926.05,-1971.24
20289.00,-98.82,11.98,1488.16,380.22,-926.05,-1971.24
20292.00,-98.82,11.98,1488.16,380.22,-926.05,-1971.24
20295.00,-98.82,11.98,1488.16,380.22,-926.05,-1971.24
20299.00,-98.82,11.98,1488.16,380.22,-926.05,-1971.24
20302.00,-98.82,11.98,1488.16,380.22,-926.05,-1971.24
20305.00,-98.82,11.98,1488.16,380.22,-926.05,-1971.24
20308.00,-98.82,11.98,1488.16,380.22,-926.05,-1971.24
20312.00,-98.82,11.98,1488.16,380.22,-926.05,-1971.24
20316.00,-98.82,11.98,1488.16,380.22,-926.05,-1971.24
20319.00,-98.82,11.98,1488.16,380.22,-926.05,-1971.24
20322.00,-98.82,11.98,1488.16,380.22,-926.05,-1971.24
20326.00,-98.82,11.98,1488.16,380.22,-926.05,-1971.24
20329.00,123.90,54.75,-739.02,-47.47,-999.95,-1975.99
20332.00,123.90,54.75,-739.02,-47.47,-999.95,-1975.99
20336.00,123.90,54.75,-739.02,-47.47,-999.95,-1975.99
20339.00,123.90,54.75,-739.02,-47.47,-999.95,-1975.99
20342.00,123.90,54.75,-739.02,-47.47,-999.95,-1975.99
20345.00,123.90,54.75,-739.02,-47.47,-999.95,-1975.99
20348.00,123.90,54.75,-739.02,-47.47,-999.95,-1975.99
20353.00,123.90,54.75,-739.02,-47.47,-999.95,-1975.99
20356.00,123.90,54.75,-739.02,-47.47,-999.95,-1975.99
20359.00,123.90,54.75,-739.02,-47.47,-999.95,-1975.99
20362.00,123.90,54.75,-739.02,-47.47,-999.95,-1975.99
20365.00,123.90,54.75,-739.02,-47.47,-999.95,-1975.99
20369.00,123.90,54.75,-739.02,-47.47,-999.95,-1975.99
20372.00,123.90,54.75,-739.02,-47.47,-999.95,-1975.99
20375.00,123.90,54.75,-739.02,-47.47,-999.95,-1975.99
20378.00,123.90,54.75,-739.02,-47.47,-999.95,-1975.99
20382.00,-38.18,126.28,881.79,-762.85,-911.77,-2052.27
20385.00,-38.18,126.28,881.79,-762.85,-911.77,-2052.27
20388.00,-38.18,126.28,881.79,-762.85,-911.77,-2052.27
20391.00,-38.18,126.28,881.79,-762.85,-911.77,-2052.27
20396.00,-38.18,126.28,881.79,-762.85,-911.77,-2052.27
20399.00,-38.18,126.28,881.79,-762.85,-911.77,-2052.27
20402.00,-38.18,126.28,881.79,-762.85,-911.77,-2052.27
20405.00,-38.18,126.28,881.79,-762.85,-911.77,-2052.27
20409.00,-38.18,126.28,881.79,-762.85,-911.77,-2052.27
20412.00,-38.18,126.28,881.79,-762.85,-911.77,-2052.27
20415.00,-38.18,126.28,881.79,-762.85,-911.77,-2052.27
20418.00,-38.18,126.28,881.79,-762.85,-911.77,-2052.27
20422.00,-38.18,126.28,881.79,-762.85,-911.77,-2052.27
20425.00,-38.18,126.28,881.79,-762.85,-911.77,-2052.27
20428.00,-38.18,126.28,881.79,-762.85,-911.77,-2052.27
20432.00,30.54,-155.77,194.57,2057.71,-892.32,-1846.50
20435.00,30.54,-155.77,194.57,2057.71,-892.32,-1846.50
20439.00,30.54,-155.77,194.57,2057.71,-892.32,-1846.50
20443.00,30.54,-155.77,194.57,2057.71,-892.32,-1846.50
20446.00,30.54,-155.77,194.57,2057.71,-892.32,-1846.50
20449.00,30.54,-155.77,194.57,2057.71,-892.32,-1846.50
20453.00,30.54,-155.77,194.57,2057.71,-892.32,-1846.50
20456.00,30.54,-155.77,194.57,2057.71,-892.32,-1846.50
20459.00,30.54,-155.77,194.57,2057.71,-892.32,-1846.50
20463.00,30.54,-155.77,194.57,2057.71,-892.32,-1846.50
20466.00,30.54,-155.77,194.57,2057.71,-892.32,-1846.50
20469.00,30.54,-155.77,194.57,2057.71,-892.32,-1846.50
20473.00,30.54,-155.77,194.57,2057.71,-892.32,-1846.50
20476.00,30.54,-155.77,194.57,2057.71,-892.32,-1846.50
20480.00,30.54,-155.77,194.57,2057.71,-892.32,-1846.50
20484.00,229.07,23.49,-1790.74,265.05,-1071.39,-1820.00
20487.00,229.07,23.49,-1790.74,265.05,-1071.39,-1820.00
20490.00,229.07,23.49,-1790.74,265.05,-1071.39,-1820.00
20494.00,229.07,23.49,-1790.74,265.05,-1071.39,-1820.00
20497.00,229.07,23.49,-1790.74,265.05,-1071.39,-1820.00
20500.00,229.07,23.49,-1790.74,265.05,-1071.39,-1820.00
20504.00,229.07,23.49,-1790.74,265.05,-1071.39,-1820.00
20507.00,229.07,23.49,-1790.74,265.05,-1071.39,-1820.00
20510.00,229.07,23.49,-1790.74,265.05,-1071.39,-1820.00
20514.00,229.07,23.49,-1790.74,265.05,-1071.39,-1820.00
20517.00,229.07,23.49,-1790.74,265.05,-1071.39,-1820.00
20520.00,229.07,23.49,-1790.74,265.05,-1071.39,-1820.00
20525.00,229.07,23.49,-1790.74,265.05,-1071.39,-1820.00
20528.00,229.07,23.49,-1790.74,265.05,-1071.39,-1820.00
20531.00,229.07,23.49,-1790.74,265.05,-1071.39,-1820.00
20535.00,-47.91,290.46,979.11,-2404.60,-973.48,-2060.46
20538.00,-47.91,290.46,979.11,-2404.60,-973.48,-2060.46
20542.00,-47.91,290.46,979.11,-2404.60,-973.48,-2060.46
20545.00,-47.91,290.46,979.11,-2404.60,-973.48,-2060.46
20548.00,-47.91,290.46,979.11,-2404.60,-973.48,-2060.46
20551.00,-47.91,290.46,979.11,-2404.60,-973.48,-2060.46
20555.00,-47.91,290.46,979.11,-2404.60,-973.48,-2060.46
20558.00,-47.91,290.46,979.11,-2404.60,-973.48,-2060.46
20561.00,-47.91,290.46,979.11,-2404.60,-973.48,-2060.46
20564.00,-47.91,290.46,979.11,-2404.60,-973.48,-2060.46
20569.00,-47.91,290.46,979.11,-2404.60,-973.48,-2060.46
20572.00,-47.91,290.46,979.11,-2404.60,-973.48,-2060.46
20575.00,-47.91,290.46,979.11,-2404.60,-973.48,-2060.46
20579.00,-47.91,290.46,979.11,-2404.60,-973.48,-2060.46
20582.00,-47.91,290.46,979.11,-2404.60,-973.48,-2060.46
20585.00,32.94,23.96,170.61,260.45,-956.42,-2034.41
20589.00,32.94,23.96,170.61,260.45,-956.42,-2034.41
20592.00,32.94,23.96,170.61,260.45,-956.42,-2034.41
20595.00,32.94,23.96,170.61,260.45,-956.42,-2034.41
20598.00,32.94,23.96,170.61,260.45,-956.42,-2034.41
20602.00,32.94,23.96,170.61,260.45,-956.42,-2034.41
20605.00,32.94,23.96,170.61,260.45,-956.42,-2034.41
20609.00,32.94,23.96,170.61,260.45,-956.42,-2034.41
20612.00,32.94,23.96,170.61,260.45,-956.42,-2034.41
20615.00,32.94,23.96,170.61,260.45,-956.42,-2034.41
20619.00,32.94,23.96,170.61,260.45,-956.42,-2034.41
20622.00,32.94,23.96,170.61,260.45,-956.42,-2034.41
20625.00,32.94,23.96,170.61,260.45,-956.42,-2034.41
20628.00,32.94,23.96,170.61,260.45,-956.42,-2034.41
20632.00,32.94,23.96,170.61,260.45,-956.42,-2034.41
20635.00,219.91,51.92,-1699.11,-19.24,-1126.33,-2036.34
20638.00,219.91,51.92,-1699.11,-19.24,-1126.33,-2036.34
20642.00,219.91,51.92,-1699.11,-19.24,-1126.33,-2036.34
20645.00,219.91,51.92,-1699.11,-19.24,-1126.33,-2036.34
20648.00,219.91,51.92,-1699.11,-19.24,-1126.33,-2036.34
20653.00,219.91,51.92,-1699.11,-19.24,-1126.33,-2036.34
20656.00,219.91,51.92,-1699.11,-19.24,-1126.33,-2036.34
20659.00,219.91,51.92,-1699.11,-19.24,-1126.33,-2036.34
20662.00,219.91,51.92,-1699.11,-19.24,-1126.33,-2036.34
20666.00,219.91,51.92,-1699.11,-19.24,-1126.33,-2036.34
20669.00,219.91,51.92,-1699.11,-19.24,-1126.33,-2036.34
20672.00,219.91,51.92,-1699.11,-19.24,-1126.33,-2036.34
20676.00,219.91,51.92,-1699.11,-19.24,-1126.33,-2036.34
20679.00,219.91,51.92,-1699.11,-19.24,-1126.33,-2036.34
20682.00,219.91,51.92,-1699.11,-19.24,-1126.33,-2036.34
20686.00,-70.25,131.34,1202.50,-813.36,-1006.08,-2117.67
20689.00,-70.25,131.34,1202.50,-813.36,-1006.08,-2117.67
20694.00,-70.25,131.34,1202.50,-813.36,-1006.08,-2117.67
20697.00,-70.25,131.34,1202.50,-813.36,-1006.08,-2117.67
20700.00,-70.25,131.34,1202.50,-813.36,-1006.08,-2117.67
20703.00,-70.25,131.34,1202.50,-813.36,-1006.08,-2117.67
20707.00,-70.25,131.34,1202.50,-813.36,-1006.08,-2117.67
20710.00,-70.25,131.34,1202.50,-813.36,-1006.08,-2117.67
20713.00,-70.25,131.34,1202.50,-813.36,-1006.08,-2117.67
20717.00,-70.25,131.34,1202.50,-813.36,-1006.08,-2117.67
20720.00,-70.25,131.34,1202.50,-813.36,-1006.08,-2117.67
20723.00,-70.25,131.34,1202.50,-813.36,-1006.08,-2117.67
20727.00,-70.25,131.34,1202.50,-813.36,-1006.08,-2117.67
20730.00,-70.25,131.34,1202.50,-813.36,-1006.08,-2117.67
20733.00,-70.25,131.34,1202.50,-813.36,-1006.08,-2117.67
20738.00,28.81,-135.43,211.86,1854.28,-984.89,-1932.24
20741.00,28.81,-135.43,211.86,1854.28,-984.89,-1932.24
20745.00,28.81,-135.43,211.86,1854.28,-984.89,-1932.24
20748.00,28.81,-135.43,211.86,1854.28,-984.89,-1932.24
20751.00,28.81,-135.43,211.86,1854.28,-984.89,-1932.24
20755.00,28.81,-135.43,211.86,1854.28,-984.89,-1932.24
20758.00,28.81,-135.43,211.86,1854.28,-984.89,-1932.24
20761.00,28.81,-135.43,211.86,1854.28,-984.89,-1932.24
20765.00,28.81,-135.43,211.86,1854.28,-984.89,-1932.24
20768.00,28.81,-135.43,211.86,1854.28,-984.89,-1932.24
20771.00,28.81,-135.43,211.86,1854.28,-984.89,-1932.24
20775.00,28.81,-135.43,211.86,1854.28,-984.89,-1932.24
20779.00,28.81,-135.43,211.86,1854.28,-984.89,-1932.24
20782.00,28.81,-135.43,211.86,1854.28,-984.89,-1932.24
20785.00,28.81,-135.43,211.86,1854.28,-984.89,-1932.24
20789.00,242.55,26.95,-1925.49,230.50,-1177.44,-1909.19
20792.00,242.55,26.95,-1925.49,230.50,-1177.44,-1909.19
20796.00,242.55,26.95,-1925.49,230.50,-1177.44,-1909.19
20799.00,242.55,26.95,-1925.49,230.50,-1177.44,-1909.19
20802.00,242.55,26.95,-1925.49,230.50,-1177.44,-1909.19
20806.00,242.55,26.95,-1925.49,230.50,-1177.44,-1909.19
20809.00,242.55,26.95,-1925.49,230.50,-1177.44,-1909.19
20812.00,242.55,26.95,-1925.49,230.50,-1177.44,-1909.19
20816.00,242.55,26.95,-1925.49,230.50,-1177.44,-1909.19
20819.00,242.55,26.95,-1925.49,230.50,-1177.44,-1909.19
20823.00,242.55,26.95,-1925.49,230.50,-1177.44,-1909.19
20827.00,242.55,26.95,-1925.49,230.50,-1177.44,-1909.19
20830.00,242.55,26.95,-1925.49,230.50,-1177.44,-1909.19
20833.00,242.55,26.95,-1925.49,230.50,-1177.44,-1909.19
20837.00,242.55,26.95,-1925.49,230.50,-1177.44,-1909.19
20840.00,-41.92,269.50,919.22,-2194.99,-1085.52,-2128.69
20844.00,-41.92,269.50,919.22,-2194.99,-1085.52,-2128.69
20847.00,-41.92,269.50,919.22,-2194.99,-1085.52,-2128.69
20850.00,-41.92,269.50,919.22,-2194.99,-1085.52,-2128.69
20854.00,-41.92,269.50,919.22,-2194.99,-1085.52,-2128.69
20857.00,-41.92,269.50,919.22,-2194.99,-1085.52,-2128.69
20860.00,-41.92,269.50,919.22,-2194.99,-1085.52,-2128.69
20865.00,-41.92,269.50,919.22,-2194.99,-1085.52,-2128.69
20868.00,-41.92,269.50,919.22,-2194.99,-1085.52,-2128.69
20871.00,-41.92,269.50,919.22,-2194.99,-1085.52,-2128.69
20874.00,-41.92,269.50,919.22,-2194.99,-1085.52,-2128.69
20878.00,-41.92,269.50,919.22,-2194.99,-1085.52,-2128.69
20881.00,-41.92,269.50,919.22,-2194.99,-1085.52,-2128.69
20885.00,-41.92,269.50,919.22,-2194.99,-1085.52,-2128.69
20888.00,-41.92,269.50,919.22,-2194.99,-1085.52,-2128.69
20892.00,35.93,-5.99,140.67,559.89,-1071.45,-2072.70
20895.00,35.93,-5.99,140.67,559.89,-1071.45,-2072.70
20898.00,35.93,-5.99,140.67,559.89,-1071.45,-2072.70
20901.00,35.93,-5.99,140.67,559.89,-1071.45,-2072.70
20904.00,35.93,-5.99,140.67,559.89,-1071.45,-2072.70
20909.00,35.93,-5.99,140.67,559.89,-1071.45,-2072.70
20912.00,35.93,-5.99,140.67,559.89,-1071.45,-2072.70
20915.00,35.93,-5.99,140.67,559.89,-1071.45,-2072.70
20918.00,35.93,-5.99,140.67,559.89,-1071.45,-2072.70
20921.00,35.93,-5.99,140.67,559.89,-1071.45,-2072.70
20925.00,35.93,-5.99,140.67,559.89,-1071.45,-2072.70
20928.00,35.93,-5.99,140.67,559.89,-1071.45,-2072.70
20931.00,35.93,-5.99,140.67,559.89,-1071.45,-2072.70
20934.00,35.93,-5.99,140.67,559.89,-1071.45,-2072.70
20938.00,35.93,-5.99,140.67,559.89,-1071.45,-2072.70
20941.00,213.80,64.14,-1638.03,-141.41,-1235.26,-2086.84
20944.00,213.80,64.14,-1638.03,-141.41,-1235.26,-2086.84
20948.00,213.80,64.14,-1638.03,-141.41,-1235.26,-2086.84
20952.00,213.80,64.14,-1638.03,-141.41,-1235.26,-2086.84
20955.00,213.80,64.14,-1638.03,-141.41,-1235.26,-2086.84
20959.00,213.80,64.14,-1638.03,-141.41,-1235.26,-2086.84
20962.00,213.80,64.14,-1638.03,-141.41,-1235.26,-2086.84
20965.00,213.80,64.14,-1638.03,-141.41,-1235.26,-2086.84
20969.00,213.80,64.14,-1638.03,-141.41,-1235.26,-2086.84
20972.00,213.80,64.14,-1638.03,-141.41,-1235.26,-2086.84
20975.00,213.80,64.14,-1638.03,-141.41,-1235.26,-2086.84
20978.00,213.80,64.14,-1638.03,-141.41,-1235.26,-2086.84
20982.00,213.80,64.14,-1638.03,-141.41,-1235.26,-2086.84
20985.00,213.80,64.14,-1638.03,-141.41,-1235.26,-2086.84
20988.00,213.80,64.14,-1638.03,-141.41,-1235.26,-2086.84
20993.00,-67.55,64.61,1175.48,-146.11,-1117.71,-2101.46
20996.00,-67.55,64.61,1175.48,-146.11,-1117.71,-2101.46
21000.00,-67.55,64.61,1175.48,-146.11,-1117.71,-2101.46
21003.00,-67.55,64.61,1175.48,-146.11,-1117.71,-2101.46
21006.00,-67.55,64.61,1175.48,-146.11,-1117.71,-2101.46
21009.00,-67.55,64.61,1175.48,-146.11,-1117.71,-2101.46
21013.00,-67.55,64.61,1175.48,-146.11,-1117.71,-2101.46
21016.00,-67.55,64.61,1175.48,-146.11,-1117.71,-2101.46
21019.00,-67.55,64.61,1175.48,-146.11,-1117.71,-2101.46
21023.00,-67.55,64.61,1175.48,-146.11,-1117.71,-2101.46
21026.00,-67.55,64.61,1175.48,-146.11,-1117.71,-2101.46
21029.00,-67.55,64.61,1175.48,-146.11,-1117.71,-2101.46
21032.00,-67.55,64.61,1175.48,-146.11,-1117.71,-2101.46
21037.00,-67.55,64.61,1175.48,-146.11,-1117.71,-2101.46
21040.00,-67.55,64.61,1175.48,-146.11,-1117.71,-2101.46
21044.00,45.81,-119.12,41.85,1691.19,-1113.53,-1932.34
21047.00,45.81,-119.12,41.85,1691.19,-1113.53,-1932.34
21050.00,45.81,-119.12,41.85,1691.19,-1113.53,-1932.34
21054.00,45.81,-119.12,41.85,1691.19,-1113.53,-1932.34
21057.00,45.81,-119.12,41.85,1691.19,-1113.53,-1932.34
21060.00,45.81,-119.12,41.85,1691.19,-1113.53,-1932.34
21064.00,45.81,-119.12,41.85,1691.19,-1113.53,-1932.34
21067.00,45.81,-119.12,41.85,1691.19,-1113.53,-1932.34
21070.00,45.81,-119.12,41.85,1691.19,-1113.53,-1932.34
21073.00,45.81,-119.12,41.85,1691.19,-1113.53,-1932.34
21078.00,45.81,-119.12,41.85,1691.19,-1113.53,-1932.34
21081.00,45.81,-119.12,41.85,1691.19,-1113.53,-1932.34
21084.00,45.81,-119.12,41.85,1691.19,-1113.53,-1932.34
21088.00,45.81,-119.12,41.85,1691.19,-1113.53,-1932.34
21091.00,45.81,-119.12,41.85,1691.19,-1113.53,-1932.34
21095.00,203.62,104.81,-1536.22,-548.05,-1267.15,-1987.14
21098.00,203.62,104.81,-1536.22,-548.05,-1267.15,-1987.14
21101.00,203.62,104.81,-1536.22,-548.05,-1267.15,-1987.14
21105.00,203.62,104.81,-1536.22,-548.05,-1267.15,-1987.14
21108.00,203.62,104.81,-1536.22,-548.05,-1267.15,-1987.14
21111.00,203.62,104.81,-1536.22,-548.05,-1267.15,-1987.14
21115.00,203.62,104.81,-1536.22,-548.05,-1267.15,-1987.14
21118.00,203.62,104.81,-1536.22,-548.05,-1267.15,-1987.14
21122.00,203.62,104.81,-1536.22,-548.05,-1267.15,-1987.14
21126.00,203.62,104.81,-1536.22,-548.05,-1267.15,-1987.14
21129.00,203.62,104.81,-1536.22,-548.05,-1267.15,-1987.14
21133.00,203.62,104.81,-1536.22,-548.05,-1267.15,-1987.14
21136.00,203.62,104.81,-1536.22,-548.05,-1267.15,-1987.14
21139.00,203.62,104.81,-1536.22,-548.05,-1267.15,-1987.14
21143.00,203.62,104.81,-1536.22,-548.05,-1267.15,-1987.14
21146.00,-85.17,-17.62,1351.69,676.21,-1131.98,-1919.52
21150.00,-85.17,-17.62,1351.69,676.21,-1131.98,-1919.52
21153.00,-85.17,-17.62,1351.69,676.21,-1131.98,-1919.52
21156.00,-85.17,-17.62,1351.69,676.21,-1131.98,-1919.52
21160.00,-85.17,-17.62,1351.69,676.21,-1131.98,-1919.52
21164.00,-85.17,-17.62,1351.69,676.21,-1131.98,-1919.52
21167.00,-85.17,-17.62,1351.69,676.21,-1131.98,-1919.52
21170.00,-85.17,-17.62,1351.69,676.21,-1131.98,-1919.52
21174.00,-85.17,-17.62,1351.69,676.21,-1131.98,-1919.52
21177.00,-85.17,-17.62,1351.69,676.21,-1131.98,-1919.52
21180.00,-85.17,-17.62,1351.69,676.21,-1131.98,-1919.52
21184.00,-85.17,-17.62,1351.69,676.21,-1131.98,-1919.52
21187.00,-85.17,-17.62,1351.69,676.21,-1131.98,-1919.52
21190.00,-85.17,-17.62,1351.69,676.21,-1131.98,-1919.52
21194.00,-85.17,-17.62,1351.69,676.21,-1131.98,-1919.52
21197.00,32.94,41.92,170.61,80.78,-1114.92,-1911.44
21200.00,32.94,41.92,170.61,80.78,-1114.92,-1911.44
21204.00,32.94,41.92,170.61,80.78,-1114.92,-1911.44
21208.00,32.94,41.92,170.61,80.78,-1114.92,-1911.44
21211.00,32.94,41.92,170.61,80.78,-1114.92,-1911.44
21214.00,32.94,41.92,170.61,80.78,-1114.92,-1911.44
21218.00,32.94,41.92,170.61,80.78,-1114.92,-1911.44
21221.00,32.94,41.92,170.61,80.78,-1114.92,-1911.44
21224.00,32.94,41.92,170.61,80.78,-1114.92,-1911.44
21227.00,32.94,41.92,170.61,80.78,-1114.92,-1911.44
21230.00,32.94,41.92,170.61,80.78,-1114.92,-1911.44
21234.00,32.94,41.92,170.61,80.78,-1114.92,-1911.44
21237.00,32.94,41.92,170.61,80.78,-1114.92,-1911.44
21240.00,32.94,41.92,170.61,80.78,-1114.92,-1911.44
21243.00,32.94,41.92,170.61,80.78,-1114.92,-1911.44
21248.00,32.94,41.92,170.61,80.78,-1114.92,-1911.44
21251.00,226.25,200.79,-1762.46,-1507.94,-1291.16,-2062.24
21255.00,226.25,200.79,-1762.46,-1507.94,-1291.16,-2062.24
21258.00,226.25,200.79,-1762.46,-1507.94,-1291.16,-2062.24
21261.00,226.25,200.79,-1762.46,-1507.94,-1291.16,-2062.24
21265.00,226.25,200.79,-1762.46,-1507.94,-1291.16,-2062.24
21268.00,226.25,200.79,-1762.46,-1507.94,-1291.16,-2062.24
21271.00,226.25,200.79,-1762.46,-1507.94,-1291.16,-2062.24
21275.00,226.25,200.79,-1762.46,-1507.94,-1291.16,-2062.24
21278.00,226.25,200.79,-1762.46,-1507.94,-1291.16,-2062.24
21282.00,226.25,200.79,-1762.46,-1507.94,-1291.16,-2062.24
21285.00,226.25,200.79,-1762.46,-1507.94,-1291.16,-2062.24
21288.00,226.25,200.79,-1762.46,-1507.94,-1291.16,-2062.24
21293.00,226.25,200.79,-1762.46,-1507.94,-1291.16,-2062.24
21296.00,226.25,200.79,-1762.46,-1507.94,-1291.16,-2062.24
21300.00,226.25,200.79,-1762.46,-1507.94,-1291.16,-2062.24
21303.00,-55.80,-85.17,1058.00,1351.69,-1185.36,-1927.07
21307.00,-55.80,-85.17,1058.00,1351.69,-1185.36,-1927.07
21310.00,-55.80,-85.17,1058.00,1351.69,-1185.36,-1927.07
21314.00,-55.80,-85.17,1058.00,1351.69,-1185.36,-1927.07
21317.00,-55.80,-85.17,1058.00,1351.69,-1185.36,-1927.07
21320.00,-55.80,-85.17,1058.00,1351.69,-1185.36,-1927.07
21323.00,-55.80,-85.17,1058.00,1351.69,-1185.36,-1927.07
21327.00,-55.80,-85.17,1058.00,1351.69,-1185.36,-1927.07
21330.00,-55.80,-85.17,1058.00,1351.69,-1185.36,-1927.07
21334.00,-55.80,-85.17,1058.00,1351.69,-1185.36,-1927.07
21337.00,-55.80,-85.17,1058.00,1351.69,-1185.36,-1927.07
21341.00,-55.80,-85.17,1058.00,1351.69,-1185.36,-1927.07
21344.00,-55.80,-85.17,1058.00,1351.69,-1185.36,-1927.07
21347.00,-55.80,-85.17,1058.00,1351.69,-1185.36,-1927.07
21351.00,-55.80,-85.17,1058.00,1351.69,-1185.36,-1927.07
21354.00,35.93,17.97,140.67,320.33,-1171.30,-1895.04
21358.00,35.93,17.97,140.67,320.33,-1171.30,-1895.04
21361.00,35.93,17.97,140.67,320.33,-1171.30,-1895.04
21364.00,35.93,17.97,140.67,320.33,-1171.30,-1895.04
21368.00,35.93,17.97,140.67,320.33,-1171.30,-1895.04
21371.00,35.93,17.97,140.67,320.33,-1171.30,-1895.04
21374.00,35.93,17.97,140.67,320.33,-1171.30,-1895.04
21378.00,35.93,17.97,140.67,320.33,-1171.30,-1895.04
21382.00,35.93,17.97,140.67,320.33,-1171.30,-1895.04
21385.00,35.93,17.97,140.67,320.33,-1171.30,-1895.04
21388.00,35.93,17.97,140.67,320.33,-1171.30,-1895.04
21391.00,35.93,17.97,140.67,320.33,-1171.30,-1895.04
21395.00,35.93,17.97,140.67,320.33,-1171.30,-1895.04
21398.00,35.93,17.97,140.67,320.33,-1171.30,-1895.04
21401.00,35.93,17.97,140.67,320.33,-1171.30,-1895.04
21405.00,213.80,314.60,-1638.03,-2645.96,-1335.10,-2159.63
21408.00,213.80,314.60,-1638.03,-2645.96,-1335.10,-2159.63
21412.00,213.80,314.60,-1638.03,-2645.96,-1335.10,-2159.63
21415.00,213.80,314.60,-1638.03,-2645.96,-1335.10,-2159.63
21420.00,213.80,314.60,-1638.03,-2645.96,-1335.10,-2159.63
21423.00,213.80,314.60,-1638.03,-2645.96,-1335.10,-2159.63
21426.00,213.80,314.60,-1638.03,-2645.96,-1335.10,-2159.63
21430.00,213.80,314.60,-1638.03,-2645.96,-1335.10,-2159.63
21433.00,213.80,314.60,-1638.03,-2645.96,-1335.10,-2159.63
21436.00,213.80,314.60,-1638.03,-2645.96,-1335.10,-2159.63
21440.00,213.80,314.60,-1638.03,-2645.96,-1335.10,-2159.63
21443.00,213.80,314.60,-1638.03,-2645.96,-1335.10,-2159.63
21447.00,213.80,314.60,-1638.03,-2645.96,-1335.10,-2159.63
21450.00,213.80,314.60,-1638.03,-2645.96,-1335.10,-2159.63
21453.00,213.80,314.60,-1638.03,-2645.96,-1335.10,-2159.63
21457.00,-60.51,51.87,1105.10,-18.66,-1224.59,-2161.50
21460.00,-60.51,51.87,1105.10,-18.66,-1224.59,-2161.50
21465.00,-60.51,51.87,1105.10,-18.66,-1224.59,-2161.50
21468.00,-60.51,51.87,1105.10,-18.66,-1224.59,-2161.50
21471.00,-60.51,51.87,1105.10,-18.66,-1224.59,-2161.50
21474.00,-60.51,51.87,1105.10,-18.66,-1224.59,-2161.50
21478.00,-60.51,51.87,1105.10,-18.66,-1224.59,-2161.50
21481.00,-60.51,51.87,1105.10,-18.66,-1224.59,-2161.50
21484.00,-60.51,51.87,1105.10,-18.66,-1224.59,-2161.50
21487.00,-60.51,51.87,1105.10,-18.66,-1224.59,-2161.50
21491.00,-60.51,51.87,1105.10,-18.66,-1224.59,-2161.50
21494.00,-60.51,51.87,1105.10,-18.66,-1224.59,-2161.50
21497.00,-60.51,51.87,1105.10,-18.66,-1224.59,-2161.50
21500.00,-60.51,51.87,1105.10,-18.66,-1224.59,-2161.50
21505.00,-60.51,51.87,1105.10,-18.66,-1224.59,-2161.50
21508.00,53.90,-137.74,-39.00,1877.44,-1228.49,-1973.75
21511.00,53.90,-137.74,-39.00,1877.44,-1228.49,-1973.75
21515.00,53.90,-137.74,-39.00,1877.44,-1228.49,-1973.75
21518.00,53.90,-137.74,-39.00,1877.44,-1228.49,-1973.75
21521.00,53.90,-137.74,-39.00,1877.44,-1228.49,-1973.75
21525.00,53.90,-137.74,-39.00,1877.44,-1228.49,-1973.75
21528.00,53.90,-137.74,-39.00,1877.44,-1228.49,-1973.75
21531.00,53.90,-137.74,-39.00,1877.44,-1228.49,-1973.75
21534.00,53.90,-137.74,-39.00,1877.44,-1228.49,-1973.75
21538.00,53.90,-137.74,-39.00,1877.44,-1228.49,-1973.75
21541.00,53.90,-137.74,-39.00,1877.44,-1228.49,-1973.75
21544.00,53.90,-137.74,-39.00,1877.44,-1228.49,-1973.75
21548.00,53.90,-137.74,-39.00,1877.44,-1228.49,-1973.75
21552.00,53.90,-137.74,-39.00,1877.44,-1228.49,-1973.75
21555.00,53.90,-137.74,-39.00,1877.44,-1228.49,-1973.75
21559.00,137.44,131.34,-874.45,-813.36,-1315.93,-2055.09
21562.00,137.44,131.34,-874.45,-813.36,-1315.93,-2055.09
21565.00,137.44,131.34,-874.45,-813.36,-1315.93,-2055.09
21568.00,137.44,131.34,-874.45,-813.36,-1315.93,-2055.09
21572.00,137.44,131.34,-874.45,-813.36,-1315.93,-2055.09
21575.00,137.44,131.34,-874.45,-813.36,-1315.93,-2055.09
21578.00,137.44,131.34,-874.45,-813.36,-1315.93,-2055.09
21582.00,137.44,131.34,-874.45,-813.36,-1315.93,-2055.09
21585.00,137.44,131.34,-874.45,-813.36,-1315.93,-2055.09
21588.00,137.44,131.34,-874.45,-813.36,-1315.93,-2055.09
21593.00,137.44,131.34,-874.45,-813.36,-1315.93,-2055.09
21596.00,137.44,131.34,-874.45,-813.36,-1315.93,-2055.09
21599.00,137.44,131.34,-874.45,-813.36,-1315.93,-2055.09
21603.00,137.44,131.34,-874.45,-813.36,-1315.93,-2055.09
21606.00,137.44,131.34,-874.45,-813.36,-1315.93,-2055.09
21610.00,-149.72,-11.98,1997.22,619.78,-1116.21,-1993.11
21613.00,-149.72,-11.98,1997.22,619.78,-1116.21,-1993.11
21617.00,-149.72,-11.98,1997.22,619.78,-1116.21,-1993.11
21620.00,-149.72,-11.98,1997.22,619.78,-1116.21,-1993.11
21623.00,-149.72,-11.98,1997.22,619.78,-1116.21,-1993.11
21627.00,-149.72,-11.98,1997.22,619.78,-1116.21,-1993.11
21630.00,-149.72,-11.98,1997.22,619.78,-1116.21,-1993.11
21634.00,-149.72,-11.98,1997.22,619.78,-1116.21,-1993.11
21637.00,-149.72,-11.98,1997.22,619.78,-1116.21,-1993.11
21641.00,-149.72,-11.98,1997.22,619.78,-1116.21,-1993.11
21644.00,-149.72,-11.98,1997.22,619.78,-1116.21,-1993.11
21647.00,-149.72,-11.98,1997.22,619.78,-1116.21,-1993.11
21651.00,-149.72,-11.98,1997.22,619.78,-1116.21,-1993.11
21654.00,-149.72,-11.98,1997.22,619.78,-1116.21,-1993.11
21657.00,-149.72,-11.98,1997.22,619.78,-1116.21,-1993.11
21661.00,8.81,38.18,411.89,118.21,-1075.02,-1981.29
21664.00,8.81,38.18,411.89,118.21,-1075.02,-1981.29
21668.00,8.81,38.18,411.89,118.21,-1075.02,-1981.29
21671.00,8.81,38.18,411.89,118.21,-1075.02,-1981.29
21675.00,8.81,38.18,411.89,118.21,-1075.02,-1981.29
21678.00,8.81,38.18,411.89,118.21,-1075.02,-1981.29
21682.00,8.81,38.18,411.89,118.21,-1075.02,-1981.29
21685.00,8.81,38.18,411.89,118.21,-1075.02,-1981.29
21688.00,8.81,38.18,411.89,118.21,-1075.02,-1981.29
21691.00,8.81,38.18,411.89,118.21,-1075.02,-1981.29
21695.00,8.81,38.18,411.89,118.21,-1075.02,-1981.29
21698.00,8.81,38.18,411.89,118.21,-1075.02,-1981.29
21701.00,8.81,38.18,411.89,118.21,-1075.02,-1981.29
21704.00,8.81,38.18,411.89,118.21,-1075.02,-1981.29
21708.00,8.81,38.18,411.89,118.21,-1075.02,-1981.29
21711.00,311.54,210.75,-2615.41,-1607.49,-1336.56,-2142.04
21715.00,311.54,210.75,-2615.41,-1607.49,-1336.56,-2142.04
21719.00,311.54,210.75,-2615.41,-1607.49,-1336.56,-2142.04
21723.00,311.54,210.75,-2615.41,-1607.49,-1336.56,-2142.04
21726.00,311.54,210.75,-2615.41,-1607.49,-1336.56,-2142.04
21729.00,311.54,210.75,-2615.41,-1607.49,-1336.56,-2142.04
21733.00,311.54,210.75,-2615.41,-1607.49,-1336.56,-2142.04
21736.00,311.54,210.75,-2615.41,-1607.49,-1336.56,-2142.04
21740.00,311.54,210.75,-2615.41,-1607.49,-1336.56,-2142.04
21743.00,311.54,210.75,-2615.41,-1607.49,-1336.56,-2142.04
21746.00,311.54,210.75,-2615.41,-1607.49,-1336.56,-2142.04
21750.00,311.54,210.75,-2615.41,-1607.49,-1336.56,-2142.04
21753.00,311.54,210.75,-2615.41,-1607.49,-1336.56,-2142.04
21757.00,311.54,210.75,-2615.41,-1607.49,-1336.56,-2142.04
21761.00,58.03,-48.87,-80.32,988.69,-1344.60,-2043.17
21764.00,58.03,-48.87,-80.32,988.69,-1344.60,-2043.17
21768.00,58.03,-48.87,-80.32,988.69,-1344.60,-2043.17
21771.00,58.03,-48.87,-80.32,988.69,-1344.60,-2043.17
21774.00,58.03,-48.87,-80.32,988.69,-1344.60,-2043.17
21777.00,58.03,-48.87,-80.32,988.69,-1344.60,-2043.17
21781.00,58.03,-48.87,-80.32,988.69,-1344.60,-2043.17
21784.00,58.03,-48.87,-80.32,988.69,-1344.60,-2043.17
21787.00,58.03,-48.87,-80.32,988.69,-1344.60,-2043.17
21790.00,58.03,-48.87,-80.32,988.69,-1344.60,-2043.17
21793.00,58.03,-48.87,-80.32,988.69,-1344.60,-2043.17
21797.00,58.03,-48.87,-80.32,988.69,-1344.60,-2043.17
21800.00,58.03,-48.87,-80.32,988.69,-1344.60,-2043.17
21804.00,58.03,-48.87,-80.32,988.69,-1344.60,-2043.17
21807.00,58.03,-48.87,-80.32,988.69,-1344.60,-2043.17
21810.00,58.03,-48.87,-80.32,988.69,-1344.60,-2043.17
21814.00,-152.72,66.27,2027.16,-162.73,-1141.88,-2059.44
21817.00,-152.72,66.27,2027.16,-162.73,-1141.88,-2059.44
21821.00,-152.72,66.27,2027.16,-162.73,-1141.88,-2059.44
21824.00,-152.72,66.27,2027.16,-162.73,-1141.88,-2059.44
21827.00,-152.72,66.27,2027.16,-162.73,-1141.88,-2059.44
21831.00,-152.72,66.27,2027.16,-162.73,-1141.88,-2059.44
21834.00,-152.72,66.27,2027.16,-162.73,-1141.88,-2059.44
21837.00,-152.72,66.27,2027.16,-162.73,-1141.88,-2059.44
21840.00,-152.72,66.27,2027.16,-162.73,-1141.88,-2059.44
21844.00,-152.72,66.27,2027.16,-162.73,-1141.88,-2059.44
21848.00,-152.72,66.27,2027.16,-162.73,-1141.88,-2059.44
21851.00,-152.72,66.27,2027.16,-162.73,-1141.88,-2059.44
21855.00,-152.72,66.27,2027.16,-162.73,-1141.88,-2059.44
21858.00,-152.72,66.27,2027.16,-162.73,-1141.88,-2059.44
21861.00,-152.72,66.27,2027.16,-162.73,-1141.88,-2059.44
21865.00,113.79,56.89,-637.89,-68.94,-1205.67,-2066.34
21868.00,113.79,56.89,-637.89,-68.94,-1205.67,-2066.34
21872.00,113.79,56.89,-637.89,-68.94,-1205.67,-2066.34
21875.00,113.79,56.89,-637.89,-68.94,-1205.67,-2066.34
21878.00,113.79,56.89,-637.89,-68.94,-1205.67,-2066.34
21881.00,113.79,56.89,-637.89,-68.94,-1205.67,-2066.34
21885.00,113.79,56.89,-637.89,-68.94,-1205.67,-2066.34
21889.00,113.79,56.89,-637.89,-68.94,-1205.67,-2066.34
21892.00,113.79,56.89,-637.89,-68.94,-1205.67,-2066.34
21895.00,113.79,56.89,-637.89,-68.94,-1205.67,-2066.34
21898.00,113.79,56.89,-637.89,-68.94,-1205.67,-2066.34
21902.00,113.79,56.89,-637.89,-68.94,-1205.67,-2066.34
21905.00,113.79,56.89,-637.89,-68.94,-1205.67,-2066.34
21908.00,113.79,56.89,-637.89,-68.94,-1205.67,-2066.34
21911.00,113.79,56.89,-637.89,-68.94,-1205.67,-2066.34
21915.00,-30.54,-82.47,805.43,1324.67,-1125.13,-1933.87
21918.00,-30.54,-82.47,805.43,1324.67,-1125.13,-1933.87
21922.00,-30.54,-82.47,805.43,1324.67,-1125.13,-1933.87
21925.00,-30.54,-82.47,805.43,1324.67,-1125.13,-1933.87
21928.00,-30.54,-82.47,805.43,1324.67,-1125.13,-1933.87
21932.00,-30.54,-82.47,805.43,1324.67,-1125.13,-1933.87
21936.00,-30.54,-82.47,805.43,1324.67,-1125.13,-1933.87
21939.00,-30.54,-82.47,805.43,1324.67,-1125.13,-1933.87
21942.00,-30.54,-82.47,805.43,1324.67,-1125.13,-1933.87
21946.00,-30.54,-82.47,805.43,1324.67,-1125.13,-1933.87
21949.00,-30.54,-82.47,805.43,1324.67,-1125.13,-1933.87
21952.00,-30.54,-82.47,805.43,1324.67,-1125.13,-1933.87
21955.00,-30.54,-82.47,805.43,1324.67,-1125.13,-1933.87
21959.00,-30.54,-82.47,805.43,1324.67,-1125.13,-1933.87
21962.00,-30.54,-82.47,805.43,1324.67,-1125.13,-1933.87
21966.00,39.71,122.17,102.94,-721.73,-1114.83,-2006.04
21969.00,39.71,122.17,102.94,-721.73,-1114.83,-2006.04
21972.00,39.71,122.17,102.94,-721.73,-1114.83,-2006.04
21977.00,39.71,122.17,102.94,-721.73,-1114.83,-2006.04
21980.00,39.71,122.17,102.94,-721.73,-1114.83,-2006.04
21983.00,39.71,122.17,102.94,-721.73,-1114.83,-2006.04
21987.00,39.71,122.17,102.94,-721.73,-1114.83,-2006.04
21990.00,39.71,122.17,102.94,-721.73,-1114.83,-2006.04
21993.00,39.71,122.17,102.94,-721.73,-1114.83,-2006.04
21996.00,39.71,122.17,102.94,-721.73,-1114.83,-2006.04
22000.00,39.71,122.17,102.94,-721.73,-1114.83,-2006.04
22003.00,39.71,122.17,102.94,-721.73,-1114.83,-2006.04
22006.00,39.71,122.17,102.94,-721.73,-1114.83,-2006.04
22010.00,39.71,122.17,102.94,-721.73,-1114.83,-2006.04
22013.00,39.71,122.17,102.94,-721.73,-1114.83,-2006.04
22018.00,202.64,-35.24,-1526.43,852.42,-1267.47,-1920.80
22021.00,202.64,-35.24,-1526.43,852.42,-1267.47,-1920.80
22024.00,202.64,-35.24,-1526.43,852.42,-1267.47,-1920.80
22028.00,202.64,-35.24,-1526.43,852.42,-1267.47,-1920.80
22031.00,202.64,-35.24,-1526.43,852.42,-1267.47,-1920.80
22034.00,202.64,-35.24,-1526.43,852.42,-1267.47,-1920.80
22037.00,202.64,-35.24,-1526.43,852.42,-1267.47,-1920.80
22041.00,202.64,-35.24,-1526.43,852.42,-1267.47,-1920.80
22044.00,202.64,-35.24,-1526.43,852.42,-1267.47,-1920.80
22047.00,202.64,-35.24,-1526.43,852.42,-1267.47,-1920.80
22051.00,202.64,-35.24,-1526.43,852.42,-1267.47,-1920.80
22054.00,202.64,-35.24,-1526.43,852.42,-1267.47,-1920.80
22057.00,202.64,-35.24,-1526.43,852.42,-1267.47,-1920.80
22062.00,202.64,-35.24,-1526.43,852.42,-1267.47,-1920.80
22065.00,202.64,-35.24,-1526.43,852.42,-1267.47,-1920.80
22069.00,-74.86,32.94,1248.61,170.61,-1142.61,-1903.74
22072.00,-74.86,32.94,1248.61,170.61,-1142.61,-1903.74
22075.00,-74.86,32.94,1248.61,170.61,-1142.61,-1903.74
22079.00,-74.86,32.94,1248.61,170.61,-1142.61,-1903.74
22082.00,-74.86,32.94,1248.61,170.61,-1142.61,-1903.74
22085.00,-74.86,32.94,1248.61,170.61,-1142.61,-1903.74
22088.00,-74.86,32.94,1248.61,170.61,-1142.61,-1903.74
22092.00,-74.86,32.94,1248.61,170.61,-1142.61,-1903.74
22095.00,-74.86,32.94,1248.61,170.61,-1142.61,-1903.74
22098.00,-74.86,32.94,1248.61,170.61,-1142.61,-1903.74
22103.00,-74.86,32.94,1248.61,170.61,-1142.61,-1903.74
22106.00,-74.86,32.94,1248.61,170.61,-1142.61,-1903.74
22109.00,-74.86,32.94,1248.61,170.61,-1142.61,-1903.74
22113.00,-74.86,32.94,1248.61,170.61,-1142.61,-1903.74
22116.00,-74.86,32.94,1248.61,170.61,-1142.61,-1903.74
22119.00,50.91,224.58,-9.05,-1745.83,-1143.52,-2078.32
22123.00,50.91,224.58,-9.05,-1745.83,-1143.52,-2078.32
22126.00,50.91,224.58,-9.05,-1745.83,-1143.52,-2078.32
22129.00,50.91,224.58,-9.05,-1745.83,-1143.52,-2078.32
22133.00,50.91,224.58,-9.05,-1745.83,-1143.52,-2078.32
22136.00,50.91,224.58,-9.05,-1745.83,-1143.52,-2078.32
22139.00,50.91,224.58,-9.05,-1745.83,-1143.52,-2078.32
22142.00,50.91,224.58,-9.05,-1745.83,-1143.52,-2078.32
22147.00,50.91,224.58,-9.05,-1745.83,-1143.52,-2078.32
22150.00,50.91,224.58,-9.05,-1745.83,-1143.52,-2078.32
22153.00,50.91,224.58,-9.05,-1745.83,-1143.52,-2078.32
22156.00,50.91,224.58,-9.05,-1745.83,-1143.52,-2078.32
22160.00,50.91,224.58,-9.05,-1745.83,-1143.52,-2078.32
22163.00,50.91,224.58,-9.05,-1745.83,-1143.52,-2078.32
22166.00,50.91,224.58,-9.05,-1745.83,-1143.52,-2078.32
22170.00,161.88,-58.03,-1118.79,1080.32,-1255.40,-1970.29
22173.00,161.88,-58.03,-1118.79,1080.32,-1255.40,-1970.29
22176.00,161.88,-58.03,-1118.79,1080.32,-1255.40,-1970.29
22180.00,161.88,-58.03,-1118.79,1080.32,-1255.40,-1970.29
22183.00,161.88,-58.03,-1118.79,1080.32,-1255.40,-1970.29
22187.00,161.88,-58.03,-1118.79,1080.32,-1255.40,-1970.29
22191.00,161.88,-58.03,-1118.79,1080.32,-1255.40,-1970.29
22194.00,161.88,-58.03,-1118.79,1080.32,-1255.40,-1970.29
22197.00,161.88,-58.03,-1118.79,1080.32,-1255.40,-1970.29
22201.00,161.88,-58.03,-1118.79,1080.32,-1255.40,-1970.29
22204.00,161.88,-58.03,-1118.79,1080.32,-1255.40,-1970.29
22207.00,161.88,-58.03,-1118.79,1080.32,-1255.40,-1970.29
22211.00,161.88,-58.03,-1118.79,1080.32,-1255.40,-1970.29
22214.00,161.88,-58.03,-1118.79,1080.32,-1255.40,-1970.29
22218.00,161.88,-58.03,-1118.79,1080.32,-1255.40,-1970.29
22221.00,-132.16,29.37,1821.58,206.31,-1073.24,-1949.66
22225.00,-132.16,29.37,1821.58,206.31,-1073.24,-1949.66
22228.00,-132.16,29.37,1821.58,206.31,-1073.24,-1949.66
22232.00,-132.16,29.37,1821.58,206.31,-1073.24,-1949.66
22236.00,-132.16,29.37,1821.58,206.31,-1073.24,-1949.66
22239.00,-132.16,29.37,1821.58,206.31,-1073.24,-1949.66
22242.00,-132.16,29.37,1821.58,206.31,-1073.24,-1949.66
22246.00,-132.16,29.37,1821.58,206.31,-1073.24,-1949.66
22249.00,-132.16,29.37,1821.58,206.31,-1073.24,-1949.66
22252.00,-132.16,29.37,1821.58,206.31,-1073.24,-1949.66
22256.00,-132.16,29.37,1821.58,206.31,-1073.24,-1949.66
22259.00,-132.16,29.37,1821.58,206.31,-1073.24,-1949.66
22262.00,-132.16,29.37,1821.58,206.31,-1073.24,-1949.66
22266.00,-132.16,29.37,1821.58,206.31,-1073.24,-1949.66
22269.00,-132.16,29.37,1821.58,206.31,-1073.24,-1949.66
22274.00,35.24,246.70,147.58,-1966.96,-1058.48,-2146.35
22277.00,35.24,246.70,147.58,-1966.96,-1058.48,-2146.35
22280.00,35.24,246.70,147.58,-1966.96,-1058.48,-2146.35
22284.00,35.24,246.70,147.58,-1966.96,-1058.48,-2146.35
22287.00,35.24,246.70,147.58,-1966.96,-1058.48,-2146.35
22291.00,35.24,246.70,147.58,-1966.96,-1058.48,-2146.35
22294.00,35.24,246.70,147.58,-1966.96,-1058.48,-2146.35
22297.00,35.24,246.70,147.58,-1966.96,-1058.48,-2146.35
22300.00,35.24,246.70,147.58,-1966.96,-1058.48,-2146.35
22304.00,35.24,246.70,147.58,-1966.96,-1058.48,-2146.35
22307.00,35.24,246.70,147.58,-1966.96,-1058.48,-2146.35
22311.00,35.24,246.70,147.58,-1966.96,-1058.48,-2146.35
22315.00,35.24,246.70,147.58,-1966.96,-1058.48,-2146.35
22318.00,35.24,246.70,147.58,-1966.96,-1058.48,-2146.35
22322.00,35.24,246.70,147.58,-1966.96,-1058.48,-2146.35
22325.00,223.20,-35.24,-1732.01,852.42,-1231.68,-2061.11
22329.00,223.20,-35.24,-1732.01,852.42,-1231.68,-2061.11
22332.00,223.20,-35.24,-1732.01,852.42,-1231.68,-2061.11
22335.00,223.20,-35.24,-1732.01,852.42,-1231.68,-2061.11
22339.00,223.20,-35.24,-1732.01,852.42,-1231.68,-2061.11
22342.00,223.20,-35.24,-1732.01,852.42,-1231.68,-2061.11
22345.00,223.20,-35.24,-1732.01,852.42,-1231.68,-2061.11
22348.00,223.20,-35.24,-1732.01,852.42,-1231.68,-2061.11
22352.00,223.20,-35.24,-1732.01,852.42,-1231.68,-2061.11
22355.00,223.20,-35.24,-1732.01,852.42,-1231.68,-2061.11
22359.00,223.20,-35.24,-1732.01,852.42,-1231.68,-2061.11
22363.00,223.20,-35.24,-1732.01,852.42,-1231.68,-2061.11
22366.00,223.20,-35.24,-1732.01,852.42,-1231.68,-2061.11
22369.00,223.20,-35.24,-1732.01,852.42,-1231.68,-2061.11
22373.00,223.20,-35.24,-1732.01,852.42,-1231.68,-2061.11
22376.00,-53.90,29.94,1039.00,200.56,-1127.78,-2041.06
22380.00,-53.90,29.94,1039.00,200.56,-1127.78,-2041.06
22383.00,-53.90,29.94,1039.00,200.56,-1127.78,-2041.06
22386.00,-53.90,29.94,1039.00,200.56,-1127.78,-2041.06
22389.00,-53.90,29.94,1039.00,200.56,-1127.78,-2041.06
22393.00,-53.90,29.94,1039.00,200.56,-1127.78,-2041.06
22396.00,-53.90,29.94,1039.00,200.56,-1127.78,-2041.06
22400.00,-53.90,29.94,1039.00,200.56,-1127.78,-2041.06
22403.00,-53.90,29.94,1039.00,200.56,-1127.78,-2041.06
22407.00,-53.90,29.94,1039.00,200.56,-1127.78,-2041.06
22410.00,-53.90,29.94,1039.00,200.56,-1127.78,-2041.06
22413.00,-53.90,29.94,1039.00,200.56,-1127.78,-2041.06
22417.00,-53.90,29.94,1039.00,200.56,-1127.78,-2041.06
22420.00,-53.90,29.94,1039.00,200.56,-1127.78,-2041.06
22423.00,-53.90,29.94,1039.00,200.56,-1127.78,-2041.06
22427.00,48.87,241.29,11.31,-1912.92,-1126.65,-2232.35
22430.00,48.87,241.29,11.31,-1912.92,-1126.65,-2232.35
22433.00,48.87,241.29,11.31,-1912.92,-1126.65,-2232.35
22437.00,48.87,241.29,11.31,-1912.92,-1126.65,-2232.35
22440.00,48.87,241.29,11.31,-1912.92,-1126.65,-2232.35
22444.00,48.87,241.29,11.31,-1912.92,-1126.65,-2232.35
22448.00,48.87,241.29,11.31,-1912.92,-1126.65,-2232.35
22451.00,48.87,241.29,11.31,-1912.92,-1126.65,-2232.35
22454.00,48.87,241.29,11.31,-1912.92,-1126.65,-2232.35
22457.00,48.87,241.29,11.31,-1912.92,-1126.65,-2232.35
22461.00,48.87,241.29,11.31,-1912.92,-1126.65,-2232.35
22464.00,48.87,241.29,11.31,-1912.92,-1126.65,-2232.35
22467.00,48.87,241.29,11.31,-1912.92,-1126.65,-2232.35
22470.00,48.87,241.29,11.31,-1912.92,-1126.65,-2232.35
22474.00,48.87,241.29,11.31,-1912.92,-1126.65,-2232.35
22477.00,173.68,-38.93,-1236.77,889.28,-1250.33,-2143.42
22481.00,173.68,-38.93,-1236.77,889.28,-1250.33,-2143.42
22484.00,173.68,-38.93,-1236.77,889.28,-1250.33,-2143.42
22488.00,173.68,-38.93,-1236.77,889.28,-1250.33,-2143.42
22492.00,173.68,-38.93,-1236.77,889.28,-1250.33,-2143.42
22495.00,173.68,-38.93,-1236.77,889.28,-1250.33,-2143.42
22498.00,173.68,-38.93,-1236.77,889.28,-1250.33,-2143.42
22501.00,173.68,-38.93,-1236.77,889.28,-1250.33,-2143.42
22505.00,173.68,-38.93,-1236.77,889.28,-1250.33,-2143.42
22508.00,173.68,-38.93,-1236.77,889.28,-1250.33,-2143.42
22512.00,173.68,-38.93,-1236.77,889.28,-1250.33,-2143.42
22515.00,173.68,-38.93,-1236.77,889.28,-1250.33,-2143.42
22518.00,173.68,-38.93,-1236.77,889.28,-1250.33,-2143.42
22522.00,173.68,-38.93,-1236.77,889.28,-1250.33,-2143.42
22525.00,173.68,-38.93,-1236.77,889.28,-1250.33,-2143.42
22530.00,-114.54,29.37,1645.37,206.31,-1085.79,-2122.79
22533.00,-114.54,29.37,1645.37,206.31,-1085.79,-2122.79
22536.00,-114.54,29.37,1645.37,206.31,-1085.79,-2122.79
22540.00,-114.54,29.37,1645.37,206.31,-1085.79,-2122.79
22543.00,-114.54,29.37,1645.37,206.31,-1085.79,-2122.79
22546.00,-114.54,29.37,1645.37,206.31,-1085.79,-2122.79
22550.00,-114.54,29.37,1645.37,206.31,-1085.79,-2122.79
22553.00,-114.54,29.37,1645.37,206.31,-1085.79,-2122.79
22556.00,-114.54,29.37,1645.37,206.31,-1085.79,-2122.79
22560.00,-114.54,29.37,1645.37,206.31,-1085.79,-2122.79
22563.00,-114.54,29.37,1645.37,206.31,-1085.79,-2122.79
22566.00,-114.54,29.37,1645.37,206.31,-1085.79,-2122.79
22571.00,-114.54,29.37,1645.37,206.31,-1085.79,-2122.79
22574.00,-114.54,29.37,1645.37,206.31,-1085.79,-2122.79
22577.00,-114.54,29.37,1645.37,206.31,-1085.79,-2122.79
22581.00,41.12,243.76,88.84,-1937.59,-1076.91,-2316.55
22584.00,41.12,243.76,88.84,-1937.59,-1076.91,-2316.55
22588.00,41.12,243.76,88.84,-1937.59,-1076.91,-2316.55
22591.00,41.12,243.76,88.84,-1937.59,-1076.91,-2316.55
22594.00,41.12,243.76,88.84,-1937.59,-1076.91,-2316.55
22598.00,41.12,243.76,88.84,-1937.59,-1076.91,-2316.55
22601.00,41.12,243.76,88.84,-1937.59,-1076.91,-2316.55
22604.00,41.12,243.76,88.84,-1937.59,-1076.91,-2316.55
22607.00,41.12,243.76,88.84,-1937.59,-1076.91,-2316.55
22611.00,41.12,243.76,88.84,-1937.59,-1076.91,-2316.55
22615.00,41.12,243.76,88.84,-1937.59,-1076.91,-2316.55
22618.00,41.12,243.76,88.84,-1937.59,-1076.91,-2316.55
22622.00,41.12,243.76,88.84,-1937.59,-1076.91,-2316.55
22625.00,41.12,243.76,88.84,-1937.59,-1076.91,-2316.55
22628.00,41.12,243.76,88.84,-1937.59,-1076.91,-2316.55
22632.00,222.97,-36.65,-1729.66,866.52,-1249.87,-2229.90
22635.00,222.97,-36.65,-1729.66,866.52,-1249.87,-2229.90
22639.00,222.97,-36.65,-1729.66,866.52,-1249.87,-2229.90
22642.00,222.97,-36.65,-1729.66,866.52,-1249.87,-2229.90
22645.00,222.97,-36.65,-1729.66,866.52,-1249.87,-2229.90
22648.00,222.97,-36.65,-1729.66,866.52,-1249.87,-2229.90
22652.00,222.97,-36.65,-1729.66,866.52,-1249.87,-2229.90
22656.00,222.97,-36.65,-1729.66,866.52,-1249.87,-2229.90
22659.00,222.97,-36.65,-1729.66,866.52,-1249.87,-2229.90
22663.00,222.97,-36.65,-1729.66,866.52,-1249.87,-2229.90
22666.00,222.97,-36.65,-1729.66,866.52,-1249.87,-2229.90
22669.00,222.97,-36.65,-1729.66,866.52,-1249.87,-2229.90
22673.00,222.97,-36.65,-1729.66,866.52,-1249.87,-2229.90
22676.00,222.97,-36.65,-1729.66,866.52,-1249.87,-2229.90
22679.00,222.97,-36.65,-1729.66,866.52,-1249.87,-2229.90
22683.00,-64.61,35.24,1146.11,147.58,-1135.26,-2215.14
22686.00,-64.61,35.24,1146.11,147.58,-1135.26,-2215.14
22690.00,-64.61,35.24,1146.11,147.58,-1135.26,-2215.14
22693.00,-64.61,35.24,1146.11,147.58,-1135.26,-2215.14
22696.00,-64.61,35.24,1146.11,147.58,-1135.26,-2215.14

